arrestee_id,weapon_id,nibrs_arrestee_weapon_id
5848061,8,5870076
5848044,8,5870059
5842829,1,5869738
5858624,8,5869707
5855466,1,5869477
5847967,7,5869014
5844874,7,5868863
5844824,3,5868813
5842805,3,5868745
5842805,7,6060847
5858542,7,5868657
5856454,1,5868521
5855447,1,5868489
5855424,7,5868467
5855424,8,6060845
5855417,1,5868460
5854381,1,5868400
5850154,5,5868149
5848959,1,5868045
5845819,1,5867858
5843760,3,5867758
5856418,7,5867518
5856381,1,5867481
5855353,1,5867429
5854344,1,5867395
5853286,8,5867314
5853273,7,5867301
5845791,2,5866862
5842674,1,5866679
5858417,1,5866597
5857358,1,5866514
5855288,1,5866396
5855287,5,5866395
5854264,4,5866348
5854263,8,5866347
5854232,7,5866316
5842895,3,5854299
5858447,1,5867595
5858426,1,5866606
5858425,1,5866605
5858424,1,5866604
5855294,1,5866402
5858340,1,5865552
5858339,1,5865551
5844483,7,5862659
5843457,3,5862608
5855010,1,5862240
5854945,1,5861208
5853924,1,5861163
5853922,1,5861161
5842261,6,5860455
5842260,2,5860454
5842225,1,5860419
5842224,1,5860418
5842223,1,5860417
5855956,1,5860276
5852788,1,5860036
5848426,1,5859785
5848425,1,5859784
5847429,1,5859764
5845268,1,5858599
5842148,22,5858408
5842147,1,5858407
5842146,3,5858406
5855832,1,5858216
5855778,1,5858162
5855777,1,5858161
5852603,1,5856944
5848233,1,5856683
5848231,1,5856681
5846150,1,5856556
5855659,1,5856104
5855643,1,5855115
5853548,1,5854973
5853505,1,5854930
5858656,1,5854233
5857626,1,5854179
5864716,1,5852476
5864663,1,5851444
5860430,1,5851156
5865580,1,5849421
5866493,1,5846349
5857096,1,5862374
5854869,1,5860165
5830998,1,5816085
5830973,1,5816060
5840174,1,5811384
5840075,1,5809316
5842905,1,5854309
5863756,1,5853474
5863561,1,5850338
5863560,1,5850337
5863109,1,5843023
5863107,1,5843021
5862013,1,5841921
5861898,1,5840821
5863960,1,5839951
5862861,1,5838844
5830743,1,5812877
5830732,1,5811883
5831214,1,5804545
5847302,1,6036541
5858937,1,5843800
5865945,1,5837951
5834207,1,5818333
5838195,1,5813380
5838194,1,5813379
5840264,1,5812455
5837041,1,5812253
5833832,1,5812048
5836586,1,5804917
5841843,1,5804163
5836481,1,5803830
5836594,1,6043902
5854262,1,5866346
5854261,1,5866345
5858256,1,5864498
5858251,1,5864493
5855158,1,5864328
5853194,3,5866254
5853178,1,5866238
5849992,1,5866054
5848848,1,5866006
5848847,1,5866005
5843611,3,5865673
5858344,7,5865556
5856282,3,5865446
5855198,7,5865338
5853139,1,5865231
5848753,7,5864946
5845665,7,5864799
5858268,7,5864510
5858253,3,5864495
5856212,3,5864406
5856171,3,5864365
5855156,7,5864326
5855132,1,5864302
5855126,7,5864296
5853088,3,5864210
5853074,1,5864196
5855084,3,5863283
5851921,1,5863067
5845533,1,5862729
5857108,3,5862386
5856062,3,5862316
5853968,7,5862174
5852919,3,5862101
5851860,1,5862039
5858070,1,5861405
5856028,8,5861315
5856028,7,6060835
5849642,1,5860874
5848519,7,5860845
5848518,3,5860844
5847496,8,5860798
5844329,3,5860571
5858002,3,5860370
5854900,7,5860196
5853853,1,5860125
5851730,1,5859977
5849623,1,5859892
5845287,1,5859585
5842176,3,5859403
5856929,1,5859305
5853807,7,5859111
5853762,7,5859066
5852777,7,5859057
5852748,3,5859028
5851718,1,5858997
5851711,1,5858991
5851685,1,5858965
5851661,1,5858941
5851656,8,5858936
5850612,3,5858899
5848403,8,5858794
5848359,3,5858750
5845275,1,5858605
5842116,22,5858376
5857885,4,5858317
5857876,3,5858308
5856831,3,5858239
5855813,8,5858197
5854791,1,5858151
5854766,3,5858126
5853709,7,5858045
5853704,5,5858040
5852701,7,5858013
5851649,1,5857962
5849478,7,5857815
5845168,1,5857530
5857828,3,5857289
5855744,1,5857157
5854723,7,5857112
5854674,3,5857063
5853694,3,5857058
5850504,1,5856856
5847209,8,5856635
5836008,1,5813208
5859265,1,5849034
5842293,1,5861454
5835230,1,5817372
5842316,1,5861477
5865792,1,5852572
5836283,1,5817421
5836282,1,5817420
5836281,1,5817419
5836280,1,5817418
5840808,1,5804131
5843773,1,5867771
5843771,1,5867769
5842315,1,5861476
5835683,1,5807967
5855904,1,5859255
5857617,1,5854170
5857616,1,5854169
5864986,1,5840000
5835984,1,5812201
5855453,1,5869464
5855452,1,5869463
5856297,1,5866429
5858124,1,5862426
5857098,1,5862376
5857097,1,5862375
5854941,1,5861204
5848469,1,5859828
5853787,1,5859091
5853785,1,5859089
5852778,1,5859058
5854755,1,5858115
5855157,1,5864327
5856970,1,5860314
5855894,1,5859246
5854760,1,5858120
5854758,1,5858118
5847253,1,5857650
5854671,1,5857060
5854670,1,5857059
5857613,1,5854166
5857612,1,5854165
5857611,1,5854164
5857610,1,5854163
5857609,1,5854162
5856585,1,5854114
5856584,1,5854113
5858996,1,5844840
5864179,1,5844097
5866226,1,5842161
5865096,1,5842076
5865094,1,5842074
5866176,1,5841126
5866175,1,5841125
5866174,1,5841124
5866173,1,5841123
5835320,1,5818445
5837387,1,5817520
5836322,1,5817460
5835796,1,5809062
5866159,1,5841109
5836375,1,5818496
5836374,1,5818495
5862695,1,5853389
5862693,1,5853387
5862692,1,5853386
5857744,1,5856237
5856743,3,5856212
5856739,7,5856208
5856704,7,5856173
5856704,8,6060829
5853581,7,5855978
5852574,7,5855947
5852538,8,5855911
5849349,1,5855754
5849318,1,5855723
5849296,1,5855701
5845077,7,5855500
5845037,3,5855460
5852497,7,5854898
5844999,1,5854451
5844961,3,5854413
5842873,7,5854277
5857607,7,5854160
5854537,3,5854017
5861683,3,5853354
5861673,8,5853344
5861664,22,5853335
5861659,22,5853330
5859498,3,5853188
5859494,1,5853184
5866901,3,5852640
5866898,3,5852637
5866878,3,5852617
5861618,8,5852310
5861556,3,5851271
5861549,3,5851264
5860466,1,5851192
5860464,1,5851190
5866774,1,5850551
5865667,7,5850485
5836020,1,5813220
5835381,1,5819491
5853724,1,5858060
5853723,1,5858059
5847252,1,5857649
5857788,1,5856280
5857787,1,5856279
5855675,1,5856120
5855609,1,5855082
5857608,1,5854161
5853487,1,5853944
5865850,1,5853611
5859279,1,5849048
5864419,1,5847277
5866487,1,5846343
5866486,1,5846342
5865356,1,5846257
5866388,3,5845264
5865318,1,5845240
5865278,1,5845200
5865277,1,5845199
5865249,1,5844191
5865246,1,5844188
5866143,1,5841093
5866106,1,5840074
5866079,1,5840047
5866077,1,5840045
5866075,1,5840043
5866019,1,5839005
5866018,1,5839004
5865885,1,5836912
5835706,1,5807990
5843782,1,5867779
5852212,1,5867222
5842639,1,5866645
5852188,1,5866232
5852187,1,5866231
5843637,1,5865699
5851020,1,5865104
5844541,1,5863686
5842445,1,5863542
5851933,1,5863079
5844479,1,5862655
5844475,1,5862651
5844458,7,5862634
5851882,1,5862061
5843311,1,5860529
5842244,1,5860438
5856791,1,5857228
5844060,1,5856427
5844033,1,5855432
5861689,1,5853360
5867241,1,5841202
5836417,1,5819522
5862691,1,5853385
5862690,1,5853384
5859280,1,5849049
5859278,1,5849047
5862359,1,5848150
5862243,1,5846072
5863254,1,5845128
5863246,1,5845120
5863192,1,5844086
5863008,1,5841940
5863007,1,5841939
5863006,1,5841938
5862854,1,5838837
5861762,1,5837743
5830314,1,5805567
5836483,1,5803832
5840519,1,5816647
5832935,1,5815107
5833887,1,5813087
5830657,1,5810824
5831360,1,5806656
5839739,1,5804068
5834870,1,5812088
5858592,1,5869675
5847991,1,5869038
5855333,5,5867409
5846763,1,5865882
5854166,1,5865282
5847697,1,5864872
5843551,1,5864643
5843458,2,5863579
5850912,7,5863060
5844481,1,5862657
5848588,1,5861881
5857062,1,5861373
5842257,2,5860451
5842256,2,5860450
5842241,2,5860435
5853873,1,5860145
5850652,1,5859904
5850651,1,5859903
5850650,1,5859902
5848427,1,5859786
5853815,1,5859119
5854798,1,5858157
5852716,1,5858027
5853658,1,5857023
5853643,1,5857008
5855645,1,5856090
5865571,1,5849412
5865570,1,5849411
5861057,1,5843928
5831885,1,5815049
5831884,1,5815048
5836011,6,5813211
5836010,3,5813210
5832743,1,5811965
5832675,1,5810914
5832674,1,5810913
5832673,1,5810912
5832672,1,5810911
5836911,1,5810156
5834593,1,5806895
5834545,1,5806848
5834544,1,5806847
5834543,1,5806846
5830339,1,5806574
5841964,1,5806249
5835554,1,5805871
5832337,7,5804669
5836009,1,5813209
5834822,1,5811059
5860586,1,5853270
5860659,1,5837653
5860993,1,5842886
5860842,7,5840773
5865005,1,5840019
5859569,1,5837571
5839672,1,5819759
5831883,1,5815047
5834868,1,5812086
5838044,1,5811266
5832671,1,5810910
5838684,1,5805001
5848561,1,5861854
5848560,1,5861853
5854759,1,5858119
5858980,1,5844824
5859319,1,5850067
5866650,3,5849450
5861425,1,5849186
5861392,7,5849154
5861372,3,5849134
5861348,22,5848130
5861309,1,5848091
5864402,1,5847260
5861286,1,5847090
5861270,1,5847074
5867556,22,5846408
5866422,7,5845298
5865337,1,5845259
5865336,1,5845258
5865305,1,5845227
5865296,1,5845218
5864296,1,5845194
5864247,1,5845145
5859023,8,5844867
5867420,1,5844320
5865239,1,5844181
5864234,1,5844152
5864205,1,5844123
5864176,1,5844094
5864174,1,5844092
5861066,8,5843937
5860005,1,5843884
5859958,7,5843837
5867348,1,5843271
5861016,22,5842909
5860981,1,5842874
5865144,1,5842124
5859848,4,5841774
5842084,8,5841730
5842026,5,5841672
5865067,1,5841062
5865055,1,5841050
5859761,1,5840706
5866124,3,5840091
5860761,1,5839714
5860760,1,5839713
5859722,3,5839687
5859721,1,5839686
5859715,7,5839680
5864914,1,5838945
5861738,3,5837719
5861733,7,5837714
5861711,3,5837692
5861704,3,5837685
5860622,1,5837616
5866932,1,5836983
5866913,3,5836964
5835704,1,5807988
5853149,1,5865241
5839447,8,5816581
5843886,1,5869819
5843830,1,5868795
5851197,1,5868179
5838351,1,5816491
5852205,1,5867215
5851092,1,5866142
5851074,1,5866124
5851010,1,5865094
5851004,1,5865088
5851003,1,5865087
5856183,1,5864377
5850975,1,5864091
5850958,1,5864074
5850932,1,5864048
5846636,1,5863815
5843487,2,5863608
5855098,1,5863297
5851962,1,5863108
5850909,1,5863057
5848635,1,5862894
5850746,1,5860963
5856991,1,5860335
5850675,1,5859927
5845155,1,5857517
5843130,1,5857443
5843102,1,5857416
5856769,1,5857206
5851489,1,5855867
5851488,1,5855866
5851487,1,5855865
5851474,1,5855852
5851435,7,5854843
5842899,1,5854303
5842898,1,5854302
5842897,3,5854301
5851381,1,5853821
5851369,1,5853809
5864201,1,5844119
5858963,1,5843825
5866302,1,5843219
5841729,7,5818820
5838511,1,5818619
5832137,1,5818256
5839506,1,5817624
5834157,1,5817299
5832029,1,5817165
5831049,1,5817120
5841598,1,5816720
5843128,1,6036537
5842820,1,5869729
5844721,1,5866775
5849966,1,5865061
5849896,1,5864023
5857204,1,5863450
5847460,1,5860762
5850590,1,5858877
5849539,1,5858843
5844212,1,5858519
5844121,1,5857459
5843127,1,5857441
5843126,1,5857440
5857840,1,5857301
5851469,1,5855847
5844008,1,5855407
5850343,1,5854762
5851334,1,5853774
5849198,1,5853670
5861285,1,5847089
5863655,1,5852392
5863470,1,5849268
5863308,1,5846161
5863307,1,5846160
5863305,1,5846158
5831113,1,5818167
5830290,1,5805543
5852363,1,5869304
5852362,1,5869303
5851319,1,5869266
5846926,1,5868948
5852318,1,5868293
5852214,1,5867224
5846794,1,5866881
5845743,3,5866814
5845741,3,5866812
5858317,1,5865529
5851024,1,5865108
5851023,1,5865107
5848764,1,5864957
5846666,1,5864816
5848676,1,5863902
5857159,1,5863406
5850896,1,5863044
5848636,1,5862895
5856087,1,5862341
5856066,1,5862320
5850674,1,5859926
5849611,1,5859880
5842145,1,5858405
5842144,1,5858404
5857878,1,5858310
5859985,1,5843864
5861015,1,5842908
5837105,1,5813299
5832757,1,5811979
5833678,1,5809928
5832539,1,5808810
5853696,1,5858032
5851607,1,5857920
5850572,1,5857892
5847303,1,5857699
5852640,1,5856981
5851582,1,5856926
5851470,1,5855848
5848204,1,5855686
5848196,1,5855678
5856657,1,5855154
5855644,1,5855116
5852460,1,5854861
5851422,1,5854830
5852450,1,5853883
5852436,1,5853869
5851382,1,5853822
5861600,1,5852292
5860507,1,5852211
5860506,1,5852210
5861471,1,5850209
5861470,22,5850208
5865582,1,5849423
5865557,1,5849398
5859198,1,5847984
5859107,1,5846912
5867551,1,5846403
5867550,1,5846402
5860027,1,5844883
5859970,1,5843849
5858964,1,5843826
5866288,1,5843205
5860916,1,5841829
5842072,1,5841718
5836453,1,5819558
5836451,1,5819556
5835262,1,5817403
5836155,1,5815323
5831931,1,5815095
5831930,1,5815094
5835938,1,5812155
5835937,1,5812154
5836967,3,5811198
5831531,1,5808793
5840904,1,5806190
5836575,1,5804906
5839722,3,5804051
5839710,2,5804039
5866364,1,5844261
5865740,1,5852520
5865739,1,5852519
5830881,1,5814982
5838577,1,5819670
5835319,1,5818444
5835307,1,5818432
5836300,1,5817438
5839470,1,5816604
5835177,1,5816335
5835176,1,5816334
5830978,1,5816065
5839363,1,5815511
5838296,1,5815450
5841429,1,5814580
5831867,1,5814047
5831866,1,5814046
5838121,1,5812324
5838095,1,5812298
5840215,1,5811425
5832613,1,5809868
5841115,1,5809350
5839012,1,5809259
5830446,1,5807665
5834539,1,5806842
5834537,1,5806840
5831381,1,5806677
5838759,1,5806057
5838758,1,5806056
5835537,1,5805854
5833447,1,5805764
5832314,1,5804647
5830246,1,5804516
5830208,1,5804478
5836517,1,5803866
5837240,1,5815403
5840312,1,5813485
5835486,1,5804822
5836199,1,5815366
5851732,8,5859979
5842180,22,5859407
5855845,7,5859197
5855845,8,6060831
5854810,1,5859138
5851710,7,5858990
5851709,7,5858989
5851692,1,5858972
5847350,1,5858717
5845220,1,5858551
5854787,1,5858147
5854735,3,5858095
5854735,8,6060830
5849443,7,5857780
5849442,1,5857779
5845199,1,5857561
5845184,1,5857546
5845169,3,5857531
5857813,1,5857274
5856807,3,5857244
5856778,8,5857215
5854701,8,5857090
5849365,1,5856734
5844067,7,5856434
5856699,3,5856168
5846070,7,5855509
5857717,8,5855238
5855586,1,5855059
5852507,8,5854908
5852506,7,5854907
5852468,3,5854869
5848130,3,5854641
5854495,3,5853976
5854484,2,5853965
5853486,8,5853943
5853484,7,5853941
5865849,3,5853610
5861679,8,5853350
5861652,1,5853323
5861642,1,5853313
5866905,3,5852643
5866899,3,5852638
5866897,3,5852636
5866891,1,5852630
5866876,3,5852615
5866848,1,5852587
5866811,1,5851569
5865706,1,5851505
5865675,7,5851474
5866721,1,5850499
5865649,7,5850468
5865607,3,5850426
5860373,1,5850121
5859304,8,5850052
5866666,3,5849466
5865587,3,5849428
5866611,3,5848431
5866611,5,6060824
5864449,1,5848288
5866478,7,5846334
5861223,1,5846048
5861193,1,5846019
5859057,1,5845882
5867455,1,5845331
5866389,3,5845265
5866387,3,5845263
5866369,7,5844266
5866345,1,5844242
5861064,1,5843935
5866314,1,5843231
5866142,3,5841092
5866142,8,6060822
5866141,3,5841091
5860860,1,5840791
5866105,8,5840073
5860811,1,5839764
5859719,3,5839684
5848074,1,5870089
5857410,1,5867534
5842307,1,5861468
5850632,1,5858919
5850628,1,5858915
5850604,1,5858891
5850511,1,5856862
5839644,1,5819731
5841252,1,5811456
5838763,1,5806061
5855055,1,6037554
5836761,1,5808040
5839830,1,5806122
5838701,1,5805018
5832632,1,5809887
5832631,1,5809886
5839001,1,5809248
5838983,1,5809230
5838982,1,5809229
5838974,1,5809221
5838963,1,5809210
5838962,1,5809209
5838961,1,5809208
5838954,1,5809201
5837913,1,5809166
5834676,1,5808944
5833652,1,5808918
5841032,1,5808285
5840019,1,5808277
5840008,1,5808267
5839957,1,5808216
5838947,1,5808211
5838926,1,5808191
5838910,1,5808175
5838909,1,5808174
5838896,1,5808161
5837846,1,5808117
5834611,1,5807897
5833584,1,5807868
5832514,1,5807801
5830437,1,5807656
5840993,1,5807263
5840991,1,5807261
5838879,1,5807160
5838845,3,5807127
5837803,1,5807091
5837792,1,5807080
5841022,1,6044418
5859672,8,5838653
5864841,1,5837893
5865904,3,5836931
5834316,1,5819427
5832133,1,5818253
5834155,1,5817297
5834143,1,5817285
5832044,1,5817180
5839446,8,5816580
5834131,1,5816287
5834103,1,5816260
5832000,1,5816151
5839395,7,5815543
5839378,8,5815526
5834019,1,5815189
5839344,7,5814507
5839332,7,5814495
5838203,8,5813388
5832826,8,5813031
5832814,1,5813019
5833829,1,5812045
5833828,1,5812044
5833805,1,5812021
5841264,1,5811468
5841262,1,5811466
5841174,1,5810393
5840130,1,5810355
5834743,3,5809995
5833681,1,5809931
5841114,1,5809349
5834687,1,5808955
5834612,1,5807898
5834599,3,5807885
5839916,1,5807192
5841970,22,5806255
5840939,7,5806225
5838802,7,5806100
5833409,1,5805726
5838724,3,5805041
5853642,1,5857007
5860799,1,5839752
5838489,1,5818597
5850810,1,5861992
5843237,1,5859488
5846289,1,5858634
5846215,1,5857591
5850486,1,5856838
5846143,1,5856549
5861680,1,5853351
5866972,1,5837022
5866971,1,5837021
5866970,1,5837020
5838564,1,5819657
5835391,1,5819500
5839607,1,5818709
5831920,1,5815084
5837155,1,5814334
5835982,1,5812199
5836958,1,5811189
5835819,1,5810070
5836717,1,5807013
5835613,1,5806914
5835263,2,5817404
5835261,2,5817402
5836048,1,5813248
5847771,1,5865915
5848583,1,5861876
5866777,1,5851535
5866907,1,5836958
5840119,1,5810344
5840033,1,5809274
5839402,1,5815550
5836143,1,5815311
5835129,1,5815299
5835125,1,5815296
5830903,1,5815004
5839307,1,5814470
5838249,1,5814418
5838226,1,5814395
5830866,1,5813984
5841383,1,5813550
5840322,1,5813495
5840317,1,5813490
5840305,1,5813478
5840294,1,5813467
5838210,1,5813394
5838198,1,5813383
5838193,1,5813378
5838188,1,5813373
5838184,1,5813369
5838183,1,5813368
5838173,1,5813358
5838168,1,5813353
5838155,1,5813340
5836028,1,5813228
5834943,1,5813144
5840268,1,5812459
5839190,1,5812387
5839162,1,5812359
5838139,1,5812342
5838093,1,5812296
5834919,1,5812137
5832793,1,5812014
5831706,1,5811917
5841243,1,5811447
5841228,1,5811432
5840207,1,5811417
5840204,1,5811414
5839132,1,5811348
5839104,1,5811320
5834856,1,5811093
5834803,1,5811040
5831652,1,5810879
5831637,1,5810864
5831636,1,5810863
5841194,1,5810413
5839045,1,5810276
5839044,1,5810275
5839024,1,5810255
5839020,1,5810251
5839018,1,5810249
5838005,1,5810242
5837970,1,5810207
5837959,1,5810196
5834774,1,5810026
5834759,1,5810011
5834739,1,5809991
5845957,1,5869931
5854163,1,5865279
5854111,7,5864257
5857162,1,5863409
5854892,7,5860188
5856570,1,5854099
5833211,1,5819320
5831114,1,5818168
5830888,1,5814989
5850300,22,6044966
5866902,3,6044477
5860680,1,6041856
5853104,1,6037586
5847105,1,6044980
5833181,1,5818306
5860086,1,5845919
5860763,1,5839716
5860744,1,5838715
5860658,1,5837652
5834716,1,5808984
5831218,3,5804549
5830232,8,5804502
5836482,5,5803831
5856290,1,6038075
5856473,1,5868540
5856472,1,5868539
5847933,1,5868013
5853282,1,5867310
5858324,1,5865536
5858250,1,5864492
5847614,1,5862849
5847613,1,5862848
5858160,1,5862462
5848457,1,5859816
5844236,1,5858542
5844235,1,5858541
5855752,1,5857165
5861450,1,5850188
5859700,1,5839665
5839276,1,5813455
5838960,1,5809207
5841817,1,5819894
5840708,1,5819789
5840693,1,5819774
5839671,1,5819758
5839669,1,5819756
5838580,1,5819673
5836449,1,5819554
5834306,1,5819417
5832170,1,5819275
5831143,1,5819181
5840514,1,5816642
5840505,1,5816633
5839439,3,5816573
5839437,1,5816571
5838350,1,5816490
5834081,1,5816238
5840475,1,5815617
5838321,7,5815475
5836138,3,5815306
5832983,1,5815155
5831941,1,5815104
5831896,1,5815060
5840368,1,5814525
5839349,3,5814511
5839300,1,5814463
5837201,3,5814379
5833993,1,5814178
5831849,1,5814029
5830810,3,5813928
5830808,1,5813926
5838200,3,5813385
5830797,1,5812931
5841308,1,5812493
5834929,1,5812147
5833834,1,5812050
5833811,1,5812027
5830709,3,5811860
5841291,1,5811494
5840175,1,5811385
5838022,1,5811244
5837000,3,5811230
5833777,1,5811011
5830665,3,5810832
5841169,8,5810388
5832651,7,5809906
5832636,1,5809891
5841112,1,5809347
5834724,7,5808992
5834710,3,5808978
5834703,3,5808971
5834694,1,5808962
5834690,1,5808958
5833663,1,5808928
5832538,24,5808809
5830538,3,5808738
5830472,3,5808673
5838913,3,5808178
5834648,3,5807934
5844749,1,5866803
5844679,1,5865765
5856234,1,5865398
5850508,1,5856859
5867052,1,5839056
5838372,1,5816512
5841294,1,5812479
5863566,1,5850343
5845996,1,5869970
5844909,7,5869866
5858591,3,5869674
5856547,1,5869582
5854471,1,5869457
5854416,1,5869403
5853313,3,5868308
5847947,1,5868027
5847946,1,5868026
5847945,1,5868025
5847944,1,5868024
5857461,1,5867584
5854290,1,5867342
5856345,1,5866477
5840636,1,5818732
5839563,1,5818665
5839562,1,5818664
5833148,1,5818273
5833144,1,5818269
5839538,1,5817656
5833133,1,5817274
5833131,1,5817273
5841589,1,5816711
5839471,1,5816605
5838397,1,5816537
5838371,1,5816511
5838370,1,5816510
5838367,1,5816507
5838349,1,5816489
5837275,1,5816424
5836263,1,5816416
5836262,1,5816415
5833005,1,5816163
5833004,1,5816162
5831996,1,5816147
5831990,1,5816141
5831969,1,5816120
5834619,3,5807905
5833577,1,5807861
5832522,1,5807809
5832503,2,5807790
5839890,1,5807166
5838846,7,5807128
5836674,7,5806970
5834574,3,5806877
5833496,1,5806795
5833488,1,5806787
5839876,1,5806168
5832362,7,5805679
5834445,1,5804784
5834441,1,5804780
5832319,5,5804652
5834386,1,5803742
5834356,1,5803712
5833315,1,5803668
5833306,1,5803659
5858370,1,5865581
5848763,1,5864956
5858252,1,5864494
5854120,1,5864266
5847693,3,5863896
5843517,1,5863638
5855074,8,5863273
5855073,1,5863272
5854058,1,5863233
5854054,1,5863229
5847577,1,5862812
5857095,1,5862373
5854868,1,5860164
5853834,1,5860106
5843252,1,5859503
5842214,22,5859441
5842213,22,5859440
5853791,1,5859095
5847313,1,5858680
5844177,1,5858484
5852661,1,5857973
5845202,1,5857564
5845154,22,5857516
5855757,7,5857170
5854721,1,5857110
5852618,1,5856959
5858819,1,5856331
5855668,1,5856113
5853622,1,5856019
5853621,1,5856018
5852477,1,5854878
5852476,1,5854877
5844978,1,5854430
5853473,1,5853930
5859547,1,5853236
5859546,1,5853235
5866814,1,5851572
5866787,1,5851545
5860485,1,5851210
5859405,1,5851133
5864542,1,5849364
5865531,1,5848392
5860212,1,5847022
5860180,1,5846991
5832335,1,6043897
5837070,1,6037004
5863141,1,5844035
5861953,1,5840876
5847405,1,5859740
5846161,1,5856567
5846035,1,5854504
5866683,1,5849483
5860322,1,5849093
5860320,1,5849091
5839625,1,5819712
5834916,1,5812134
5841212,1,5810431
5835614,1,5806915
5839874,1,5806166
5835536,1,5805853
5858659,1,5854236
5857948,1,5859348
5842951,22,5855326
5831104,1,5818158
5830752,1,5812886
5830695,1,5811846
5831585,3,5809828
5831584,3,5809827
5831583,3,5809826
5833510,1,5806809
5830286,1,5805539
5843869,3,5869802
5843861,3,5869794
5842867,3,5869776
5858629,8,5869712
5854414,3,5869401
5844885,3,5868873
5858544,7,5868659
5847913,1,5867993
5847514,1,5861783
5851644,1,5857957
5834393,1,6043880
5830736,1,6036996
5847772,1,5865916
5843523,1,5864615
5858161,1,5862463
5858141,1,5862443
5858114,1,5861448
5858087,1,5861422
5847489,1,5860791
5848132,1,5854643
5861609,1,5852301
5861438,1,5850176
5866585,1,5848405
5860245,1,5848035
5859716,1,5839681
5837291,1,5816440
5838094,1,5812297
5830678,1,5811829
5840166,1,5811376
5839088,1,5811304
5839034,1,5810265
5832661,1,5809915
5838994,1,5809241
5838803,1,5806101
5830296,1,5805549
5838738,1,5805055
5859827,1,5841753
5842856,1,5869765
5854367,6,5868386
5857447,1,5867571
5857446,1,5867570
5857445,1,5867569
5857432,1,5867556
5855330,1,5867406
5843669,1,5866699
5858389,1,5866569
5858388,1,5866568
5847763,1,5865907
5844636,7,5865722
5844634,1,5865720
5858352,1,5865564
5843500,1,5863621
5843486,1,5863607
5843485,1,5863606
5856131,1,5863354
5855062,1,5863261
5843424,3,5862576
5843423,3,5862575
5856049,1,5862303
5856048,1,5862302
5843361,1,5861546
5843360,7,5861545
5855975,1,5861262
5855974,7,5861261
5853912,1,5861151
5852857,1,5861072
5857007,1,5860350
5843215,1,5859466
5842210,1,5859437
5842209,1,5859436
5842135,1,5858395
5845159,1,5857521
5845158,1,5857520
5845157,1,5857519
5845156,22,5857518
5856789,1,5857226
5846153,1,5856559
5846152,1,5856558
5846151,1,5856557
5845113,1,5856504
5844102,1,5856469
5830139,1,5819116
5830631,1,5810798
5830630,1,5810797
5858510,1,5868625
5856450,7,5868517
5856450,8,6060846
5855437,1,5868480
5850155,3,5868150
5847898,8,5867978
5842720,3,5867694
5858471,3,5867619
5856403,7,5867503
5854314,1,5867366
5854285,1,5867337
5847833,7,5866945
5842614,3,5866620
5857344,7,5866500
5855281,7,5866389
5854260,3,5866344
5842611,2,5865648
5842604,1,5865642
5857320,1,5865508
5857287,7,5865475
5843526,22,5864618
5848718,7,5863944
5848717,3,5863943
5857175,3,5863422
5855065,7,5863264
5852993,1,5863144
5845522,1,5862718
5845516,1,5862712
5856065,8,5862319
5855040,7,5862270
5854005,1,5862211
5853967,7,5862173
5845474,1,5861703
5857012,7,5861323
5853934,8,5861173
5853899,7,5861138
5852912,7,5861126
5851834,1,5861047
5846452,1,5860730
5843264,3,5860482
5856978,2,5860322
5851749,7,5859996
5851748,7,5859995
5851738,1,5859985
5865359,1,5846260
5861177,1,5846003
5865282,1,5845204
5861099,7,5844948
5861098,1,5844947
5858945,1,5843808
5858944,1,5843807
5858938,1,5843801
5858936,1,5843799
5860827,1,5840758
5859753,1,5840698
5841790,1,5819867
5841789,1,5819866
5838382,1,5816522
5831960,1,5816111
5831959,1,5816110
5840448,1,5815590
5834033,1,5815203
5832920,1,5814109
5834995,1,5813196
5834981,7,5813182
5834920,1,5812138
5834869,1,5812087
5838053,1,5811275
5834861,7,5811098
5840135,1,5810360
5839037,1,5810268
5839036,1,5810267
5830526,1,5808727
5841023,1,5807292
5838873,1,5807155
5834559,7,5806862
5836626,1,5805938
5847957,1,5869004
5853327,1,5868322
5851155,1,5867171
5855282,1,5866390
5844672,1,5865758
5853148,1,5865240
5855121,1,5863319
5857136,1,5862413
5852945,1,5862127
5847502,1,5861771
5842335,1,5861496
5848508,1,5860834
5847456,1,5860758
5852832,1,5860080
5850627,1,5858914
5854783,1,5858143
5847245,1,5857642
5858665,1,5854242
5854527,1,5854008
5854526,1,5854007
5861548,1,5851263
5861439,1,5850177
5859333,1,5850081
5865596,1,5849437
5861414,1,5849176
5861413,1,5849175
5861400,1,5849162
5867432,1,5844332
5861088,1,5843958
5861019,1,5842912
5867242,1,5841203
5836968,1,5811199
5835911,2,5811147
5835737,8,5809003
5831492,1,5808754
5836732,8,5807027
5835406,3,5803760
5850221,1,5869182
5851175,1,5867191
5843577,1,5864669
5845447,1,5861677
5855985,1,5861272
5842233,1,5860427
5842137,1,5858397
5854707,1,5857096
5850489,1,5856841
5850402,1,5855789
5859151,1,5846956
5859909,1,5842812
5858851,1,5842734
5867196,1,5841158
5867195,1,5841157
5867067,1,5839071
5838592,1,5819685
5839550,1,5817667
5832945,1,5815117
5835265,1,6038036
5836430,1,5819535
5839660,1,5819747
5835804,1,5810055
5836597,1,5804927
5836534,1,5803882
5836525,8,5803874
5833728,1,5809978
5833725,1,5809975
5833724,1,5809974
5833720,1,5809970
5833713,1,5809963
5833690,1,5809940
5833679,1,5809929
5833675,1,5809925
5832654,1,5809909
5832647,1,5809902
5832644,1,5809899
5830599,1,5809781
5841131,1,5809366
5840035,1,5809276
5840029,1,5809270
5840026,1,5809267
5840024,1,5809265
5840022,1,5809263
5839006,1,5809253
5839002,1,5809249
5841858,1,5804178
5840823,1,5804145
5840819,1,5804142
5840781,1,5804104
5840770,1,5804093
5839738,1,5804067
5839714,1,5804043
5839706,1,5804035
5839687,1,5804016
5838674,1,5804009
5838672,1,5804007
5838666,1,5804001
5838662,1,5803997
5838661,1,5803996
5838659,1,5803994
5837602,1,5803943
5837587,1,5803928
5835441,1,5803795
5834381,1,5803737
5834378,1,5803734
5834374,1,5803730
5834343,1,5803699
5834335,1,5803691
5833331,1,5803684
5833322,1,5803675
5833318,1,5803671
5833308,1,5803661
5833307,1,5803660
5833300,1,5803653
5833269,1,5803622
5832257,1,5803607
5832242,1,5803592
5832233,1,5803583
5849097,1,5870111
5853059,1,5864181
5847639,1,5863843
5845601,1,5863765
5845600,1,5863764
5845595,1,5863759
5845558,1,5863722
5844560,1,5863704
5844557,1,5863702
5844553,1,5863698
5844548,1,5863693
5844535,1,5863680
5844521,1,5863666
5844504,1,5863649
5843493,1,5863614
5843459,1,5863580
5842481,1,5863577
5842458,1,5863555
5842448,1,5863545
5842446,1,5863543
5842418,1,5863515
5858235,1,5863506
5858224,1,5863495
5858222,1,5863493
5858191,1,5863462
5858190,1,5863461
5858180,1,5863451
5857192,1,5863439
5857188,1,5863435
5856162,1,5863384
5856161,1,5863383
5856159,1,5863382
5856128,1,5863351
5856125,1,5863348
5856101,1,5863324
5856100,1,5863323
5855090,1,5863289
5855060,1,5863259
5854068,1,5863243
5854046,1,5863221
5854029,1,5863204
5853034,1,5863185
5853033,1,5863184
5853028,1,5863179
5853026,1,5863177
5853025,1,5863176
5853009,1,5863160
5853004,1,5863155
5849785,1,5862945
5848656,1,5862915
5848616,1,5862875
5847600,1,5862835
5847567,1,5862802
5845508,1,5862704
5845495,1,5862691
5845487,1,5862683
5843450,1,5862602
5843448,1,5862600
5843443,1,5862595
5843413,1,5862565
5843412,1,5862564
5843395,1,5862547
5842397,1,5862525
5842394,1,5862522
5842360,1,5862488
5858134,1,5862436
5857120,1,5862398
5857103,1,5862381
5856068,3,5862322
5856063,1,5862317
5856036,1,5862290
5855056,1,5862285
5855046,1,5862276
5854996,1,5862226
5854995,1,5862225
5849092,1,5870106
5848070,1,5870085
5848024,1,5870039
5845985,1,5869959
5844949,1,5869905
5844942,1,5869899
5844939,1,5869896
5844930,1,5869887
5844928,1,5869885
5844923,1,5869880
5844906,1,5869863
5844904,1,5869861
5844903,1,5869860
5844899,1,5869856
5844891,1,5869848
5843901,1,5869834
5843878,1,5869811
5842857,1,5869766
5842842,1,5869751
5842822,1,5869731
5858620,1,5869703
5858602,1,5869685
5858585,1,5869668
5858573,1,5869656
5857534,7,5869593
5857533,1,5869592
5856490,1,5869525
5855497,1,5869508
5855496,1,5869507
5855492,1,5869503
5855490,1,5869501
5855488,1,5869499
5855460,1,5869471
5854447,1,5869434
5854431,1,5869418
5854418,1,5869405
5854415,1,5869402
5853427,1,5869390
5853398,1,5869361
5853382,1,5869345
5852360,1,5869301
5852340,1,5869281
5849077,1,5869126
5849060,1,5869109
5847980,1,5869027
5847958,1,5869005
5853977,1,5862183
5852928,1,5862110
5851898,1,5862077
5851897,1,5862076
5851874,1,5862053
5849719,4,5861915
5848568,1,5861861
5848566,1,5861859
5848542,1,5861835
5847556,1,5861825
5847511,1,5861780
5846520,1,5861764
5846518,1,5861762
5846500,1,5861744
5846483,1,5861727
5846482,1,5861726
5846481,1,5861725
5846479,1,5861723
5844413,1,5861622
5844388,1,5861597
5844384,1,5861593
5844379,1,5861588
5843382,1,5861567
5843380,1,5861565
5843376,1,5861561
5843370,1,5861555
5843367,1,5861552
5843329,1,5861514
5842318,1,5861479
5842291,1,5861452
5858103,1,5861438
5858090,1,5861425
5858057,1,5861392
5857032,1,5861343
5857021,1,5861332
5857014,1,5861325
5856012,1,5861299
5855981,1,5861268
5854986,1,5861249
5854938,1,5861201
5853945,7,5861184
5853940,1,5861179
5853937,1,5861176
5838999,1,5809246
5838978,1,5809225
5837943,1,5809195
5837911,1,5809164
5836846,1,5809107
5836839,1,5809100
5834685,1,5808953
5834681,1,5808949
5834671,1,5808939
5833664,1,5808929
5833659,1,5808925
5833654,1,5808920
5833645,1,5808911
5833643,1,5808909
5833628,1,5808894
5833607,1,5808873
5832535,1,5808806
5841088,1,5808341
5841081,1,5808334
5841080,1,5808333
5841079,1,5808332
5841066,1,5808319
5841051,1,5808304
5841035,1,5808288
5840010,1,5808269
5840004,1,5808263
5839990,1,5808249
5839977,1,5808236
5838884,1,5808149
5837875,1,5808145
5837871,1,5808142
5837838,1,5808109
5836784,1,5808063
5834663,1,5807948
5834623,1,5807909
5834616,1,5807902
5834615,1,5807901
5834600,1,5807886
5833601,1,5807884
5833566,1,5807850
5833548,1,5807832
5841016,1,5807286
5841010,1,5807280
5840998,1,5807268
5840997,1,5807267
5840975,1,5807245
5840961,1,5807231
5839947,1,5807223
5839944,1,5807220
5839941,1,5807217
5839921,1,5807197
5839913,1,5807189
5839898,1,5807174
5838872,1,5807154
5838871,1,5807153
5838870,1,5807152
5838849,1,5807131
5838847,1,5807129
5838839,1,5807121
5838834,1,5807116
5837796,1,5807084
5837790,1,5807078
5836731,1,5807026
5836673,1,5806969
5834575,1,5806878
5834573,1,5806876
5833534,1,5806833
5833528,1,5806827
5833522,1,5806821
5833508,1,5806807
5833495,1,5806794
5833486,1,5806785
5833482,1,5806781
5845888,1,5868894
5844864,1,5868853
5844857,1,5868846
5844847,1,5868836
5844846,1,5868835
5844830,1,5868819
5843844,1,5868808
5843831,1,5868796
5843822,1,5868787
5842790,1,5868731
5842789,1,5868730
5842778,1,5868719
5842771,1,5868712
5842757,1,5868698
5858566,1,5868680
5858562,1,5868677
5858561,1,5868676
5858550,1,5868665
5858543,1,5868658
5857524,6,5868615
5857516,1,5868607
5857506,1,5868597
5856489,1,5868555
5855403,1,5868446
5854375,1,5868394
5854364,1,5868383
5854359,1,5868378
5854353,1,5868372
5853357,1,5868352
5853348,1,5868343
5853317,1,5868312
5853312,1,5868307
5852267,1,5868242
5852264,1,5868239
5850150,1,5868145
5850147,1,5868142
5850144,1,5868139
5850142,1,5868137
5850141,1,5868136
5850140,1,5868135
5850139,1,5868134
5850138,1,5868133
5850136,1,5868131
5850135,1,5868130
5850133,1,5868128
5850131,1,5868126
5850130,1,5868125
5850126,1,5868121
5850125,1,5868120
5850124,1,5868119
5850123,1,5868118
5850122,1,5868117
5850112,1,5868107
5850110,1,5868105
5850109,1,5868104
5850108,1,5868103
5849009,1,5868094
5848988,1,5868074
5848977,1,5868063
5847925,1,5868005
5847896,1,5867976
5847895,1,5867975
5846909,1,5867964
5845847,1,5867886
5845834,1,5867873
5845820,1,5867859
5844821,1,5867842
5844791,1,5867813
5844776,1,5867798
5844775,1,5867797
5844773,1,5867795
5843752,1,5867750
5843741,1,5867739
5853897,1,5861136
5853893,1,5861132
5852868,1,5861083
5852867,1,5861082
5851827,1,5861040
5851801,1,5861014
5851795,1,5861008
5849677,1,5860909
5848523,1,5860849
5848507,1,5860833
5848482,1,5860808
5847493,1,5860795
5847485,1,5860787
5847483,1,5860785
5847482,1,5860784
5847481,1,5860783
5847472,1,5860774
5846455,1,5860733
5846440,1,5860718
5846409,1,5860687
5845403,1,5860667
5845399,1,5860663
5845398,1,5860662
5845367,1,5860631
5845363,1,5860627
5844347,1,5860589
5844326,1,5860568
5844311,1,5860553
5844308,1,5860550
5843317,1,5860535
5842258,1,5860452
5842249,1,5860443
5842236,1,5860430
5842234,1,5860428
5842229,3,5860423
5858036,1,5860404
5858033,1,5860401
5858029,1,5860397
5858015,1,5860383
5857998,1,5860366
5857997,1,5860365
5857985,1,5860353
5856989,1,5860333
5856977,1,5860321
5856964,1,5860308
5855968,1,5860287
5855950,1,5860270
5855946,1,5860266
5854899,1,5860195
5854898,1,5860194
5854879,1,5860175
5853851,1,5860123
5853828,1,5860100
5852849,1,5860096
5852833,1,5860081
5852822,1,5860070
5852814,1,5860062
5851777,1,5860024
5851776,1,5860023
5851763,1,5860010
5851758,1,5860005
5851756,1,5860003
5851745,1,5859992
5851742,1,5859989
5851741,1,5859988
5851727,1,5859974
5849617,1,5859886
5849599,1,5859868
5849594,1,5859863
5848467,1,5859826
5848454,1,5859813
5848439,1,5859798
5847390,1,5859725
5843735,1,5867733
5843731,1,5867729
5842740,1,5867713
5842732,1,5867706
5842731,1,5867705
5842728,1,5867702
5842718,1,5867692
5842707,1,5867681
5842703,1,5867677
5842702,1,5867676
5858474,1,5867622
5858463,1,5867611
5857453,1,5867577
5856424,1,5867523
5856423,1,5867522
5856421,1,5867520
5856389,1,5867489
5856369,1,5867469
5856367,1,5867467
5855322,1,5867398
5854311,1,5867363
5854295,1,5867347
5850106,1,5867134
5850104,1,5867132
5850103,1,5867131
5850102,1,5867130
5850101,1,5867129
5850098,1,5867127
5850097,1,5867126
5850096,1,5867125
5850095,1,5867124
5850094,1,5867123
5850093,1,5867122
5850091,1,5867120
5850090,1,5867119
5850089,1,5867118
5850088,1,5867117
5850087,1,5867116
5848943,1,5867064
5848932,1,5867054
5844757,1,5866810
5844736,1,5866790
5844733,1,5866787
5844717,1,5866771
5844716,1,5866770
5847389,1,5859724
5847373,1,5859708
5846334,1,5859646
5846332,1,5859644
5845285,1,5859583
5844277,1,5859552
5844269,1,5859544
5844264,1,5859539
5844257,7,5859532
5844245,1,5859520
5843254,1,5859505
5843232,1,5859483
5843226,1,5859477
5843223,1,5859474
5843214,1,5859465
5843207,1,5859458
5842193,1,5859420
5857977,1,5859377
5857940,1,5859340
5856919,1,5859295
5856917,1,5859293
5856915,1,5859291
5856900,1,5859276
5855896,1,5859248
5855880,1,5859232
5855877,1,5859229
5855868,1,5859220
5854849,1,5859177
5854846,1,5859174
5854821,1,5859149
5854819,1,5859147
5853820,1,5859123
5853818,1,5859122
5853800,1,5859104
5853778,1,5859082
5852775,1,5859055
5852758,1,5859038
5852750,1,5859030
5852734,1,5859014
5851712,1,5858992
5851705,1,5858985
5851703,1,5858983
5832419,1,5806720
5832406,1,5806707
5842024,1,5806308
5841959,1,5806244
5840938,1,5806224
5840935,1,5806221
5840932,1,5806218
5840915,1,5806201
5840913,1,5806199
5840909,1,5806195
5840897,1,5806183
5839865,1,5806157
5839861,1,5806153
5839842,1,5806134
5839833,1,5806125
5839829,1,5806121
5839820,1,5806112
5838804,1,5806102
5838757,1,5806055
5837733,1,5806037
5837714,1,5806018
5837693,1,5805997
5837689,1,5805993
5834521,1,5805842
5834519,1,5805840
5834509,1,5805830
5834507,1,5805828
5834505,1,5805826
5834496,1,5805817
5834495,1,5805816
5834494,1,5805815
5834489,1,5805810
5834486,1,5805807
5833451,1,5805768
5833441,1,5805758
5833438,1,5805755
5833435,1,5805752
5833406,1,5805723
5832373,7,5805690
5832356,1,5805673
5830302,1,5805555
5830282,1,5805535
5840825,1,5805130
5839789,1,5805100
5839772,1,5805083
5839768,1,5805079
5839753,1,5805064
5838700,1,5805017
5838696,1,5805013
5835477,1,5804813
5834462,1,5804800
5834455,1,5804794
5834451,1,5804790
5834426,1,5804765
5834420,1,5804759
5834418,1,5804757
5834409,1,5804748
5833391,1,5804726
5833389,1,5804724
5833362,1,5804697
5833338,1,5804673
5832322,1,5804655
5832300,1,5804633
5832294,1,5804627
5832273,1,5804606
5831222,1,5804553
5830244,1,5804514
5830243,1,5804513
5830209,1,5804479
5844708,1,5866762
5844701,1,5866755
5843706,1,5866736
5843703,1,5866733
5843692,1,5866722
5843691,1,5866721
5843683,1,5866713
5843673,1,5866703
5843659,1,5866689
5843656,1,5866686
5842671,1,5866677
5842636,1,5866642
5842615,1,5866621
5858429,1,5866609
5858414,1,5866594
5857383,7,5866539
5857381,1,5866537
5857380,1,5866536
5857349,1,5866505
5856338,1,5866470
5856324,1,5866456
5856306,7,5866438
5856300,1,5866432
5856299,1,5866431
5855306,1,5866414
5855304,1,5866412
5855269,1,5866377
5855256,1,5866364
5854272,1,5866356
5854251,1,5866335
5854239,1,5866323
5854220,1,5866304
5854217,1,5866301
5854216,1,5866300
5854215,1,5866299
5853236,1,5866295
5853212,1,5866272
5853199,1,5866259
5853189,1,5866249
5853182,1,5866242
5848864,1,5866022
5848812,1,5865970
5847791,1,5865935
5847787,1,5865931
5844692,1,5865777
5844676,1,5865762
5844641,1,5865727
5844630,1,5865716
5843639,1,5865701
5843636,1,5865698
5843628,1,5865690
5843627,1,5865689
5843625,1,5865687
5843624,1,5865686
5843604,1,5865666
5843602,1,5865664
5842599,1,5865637
5842595,1,5865633
5842574,1,5865612
5842567,1,5865605
5842561,1,5865599
5842557,1,5865595
5842556,1,5865594
5842550,7,5865588
5858366,1,5865578
5858359,1,5865571
5858345,1,5865557
5858338,1,5865550
5858322,1,5865534
5858314,1,5865526
5857328,1,5865516
5857327,1,5865515
5857321,1,5865509
5857299,1,5865487
5856284,1,5865448
5851693,1,5858973
5851686,1,5858966
5851665,1,5858945
5851663,1,5858943
5851662,1,5858942
5851657,1,5858937
5849549,1,5858853
5849537,1,5858841
5849514,1,5858818
5848380,1,5858771
5848355,1,5858746
5847312,1,5858679
5847311,1,5858678
5847309,1,5858676
5846316,1,5858661
5846315,1,5858660
5846309,1,5858654
5846306,1,5858651
5846299,1,5858644
5846290,1,5858635
5846269,1,5858614
5845213,1,5858544
5844220,1,5858527
5844203,1,5858510
5844191,1,5858498
5844183,1,5858490
5843191,1,5858474
5843188,1,5858471
5843178,8,5858461
5843141,1,5858424
5843137,1,5858420
5842143,1,5858403
5842110,1,5858370
5857897,1,5858329
5857893,1,5858325
5857888,1,5858320
5857883,1,5858315
5857882,1,5858314
5857867,1,5858299
5857856,1,5858288
5856863,1,5858271
5856860,1,5858268
5856835,1,5858243
5855836,1,5858219
5855829,1,5858213
5855827,1,5858211
5855816,1,5858200
5855815,1,5858199
5855807,1,5858191
5854752,1,5858112
5854751,1,5858111
5854745,1,5858105
5853748,1,5858084
5853747,1,5858083
5853716,7,5858052
5853708,1,5858044
5852707,1,5858019
5852659,1,5857971
5849490,1,5857827
5849465,1,5857802
5848330,1,5857751
5848308,1,5857729
5847266,1,5857663
5846248,1,5857624
5846245,1,5857621
5846232,1,5857608
5846221,1,5857597
5846210,1,5857586
5846201,1,5857577
5845196,1,5857558
5845180,1,5857542
5845176,1,5857538
5845166,1,5857528
5838076,1,5811297
5838064,1,5811286
5838063,1,5811285
5838018,1,5811240
5838017,1,5811239
5834848,1,5811085
5834846,1,5811083
5834831,1,5811068
5834824,1,5811061
5834810,1,5811047
5833803,1,5811036
5833776,1,5811010
5833752,1,5810986
5833751,1,5810985
5833748,1,5810982
5832711,1,5810950
5832670,1,5810909
5832669,1,5810908
5831634,1,5810861
5831631,1,5810858
5830645,1,5810812
5830606,1,5810773
5841226,1,5810444
5841222,1,5810441
5841166,1,5810385
5840152,1,5810376
5840149,1,5810374
5840120,1,5810345
5840090,1,5810315
5839063,1,5810294
5839049,1,5810280
5838002,1,5810239
5837987,1,5810224
5834787,1,5810039
5834783,1,5810035
5834779,1,5810031
5856258,1,5865422
5856245,1,5865409
5856243,1,5865407
5856239,1,5865403
5855236,1,5865376
5855219,1,5865359
5855209,1,5865349
5854201,1,5865317
5854167,1,5865283
5853131,1,5865223
5853124,1,5865216
5848810,1,5865001
5848772,1,5864965
5848769,1,5864962
5847760,1,5864934
5847759,1,5864933
5845657,1,5864791
5844627,1,5864742
5844602,1,5864718
5844599,1,5864715
5844598,1,5864714
5844594,1,5864710
5843540,1,5864632
5843532,1,5864624
5843524,1,5864616
5842531,1,5864599
5858299,1,5864541
5858298,1,5864540
5858249,1,5864491
5857256,1,5864474
5857233,1,5864451
5856228,1,5864421
5856217,1,5864411
5856195,1,5864389
5856190,1,5864384
5855170,1,5864340
5855169,1,5864339
5854121,1,5864267
5854113,1,5864259
5853097,1,5864219
5853065,1,5864187
5853064,1,5864186
5844149,1,5857487
5844113,1,5857451
5843125,1,5857439
5843101,6,5857415
5843100,1,5857414
5843090,1,5857404
5843085,1,5857399
5843081,1,5857395
5857854,1,5857314
5857827,1,5857288
5856800,1,5857237
5856766,1,5857203
5855725,1,5857138
5855724,1,5857137
5854687,1,5857076
5854686,1,5857075
5854673,1,5857062
5853688,1,5857053
5853660,1,5857025
5853659,1,5857024
5853641,1,5857006
5850501,1,5856853
5850494,1,5856846
5849423,1,5856792
5849387,1,5856756
5848273,1,5856723
5848267,1,5856717
5848266,1,5856716
5848263,1,5856713
5847192,1,5856618
5846195,1,5856600
5846193,1,5856599
5846174,1,5856580
5846164,1,5856570
5846158,1,5856564
5846141,1,5856547
5867591,1,5847419
5866555,1,5847392
5864426,1,5847284
5864425,1,5847283
5864418,1,5847276
5864414,1,5847272
5864410,1,5847268
5864405,1,5847263
5864400,1,5847258
5864398,1,5847256
5864394,1,5847252
5864392,1,5847250
5864390,1,5847248
5864389,1,5847247
5864388,1,5847246
5864385,1,5847243
5864383,1,5847241
5864375,1,5847233
5861279,1,5847083
5861260,1,5847064
5861258,1,5847062
5861255,1,5847059
5861241,1,5847045
5860187,1,5846998
5859146,1,5846951
5859132,1,5846937
5859118,1,5846923
5859101,1,5846906
5867586,1,5846437
5867554,7,5846406
5867545,1,5846397
5867537,1,5846389
5865364,1,5846265
5865344,1,5846245
5864338,1,5846215
5864325,1,5846202
5864319,1,5846196
5864312,1,5846189
5864302,1,5846179
5861211,1,5846037
5861202,1,5846028
5861200,1,5846026
5861198,1,5846024
5861194,1,5846020
5861191,1,5846017
5861189,1,5846015
5861170,1,5845996
5861165,1,5845991
5861163,1,5845989
5860129,1,5845962
5860121,1,5845954
5860101,1,5845934
5860099,1,5845932
5860090,1,5845923
5860089,1,5845922
5859067,1,5845892
5859059,1,5845884
5859058,1,5845883
5859056,1,5845881
5859055,1,5845880
5859048,1,5845873
5859036,1,5845861
5867462,1,5845338
5866449,1,5845324
5865310,1,5845232
5864293,1,5845191
5864278,1,5845176
5864269,1,5845167
5864264,1,5845162
5864237,1,5845135
5841630,1,5817736
5840615,1,5817727
5840610,1,5817722
5840607,1,5817719
5840587,1,5817699
5840578,1,5817690
5840567,1,5817679
5839551,1,5817668
5839549,1,5817666
5839540,1,5817658
5839534,1,5817652
5839529,1,5817647
5839520,1,5817638
5839518,1,5817636
5839513,1,5817631
5839512,1,5817630
5839500,1,5817618
5839494,1,5817612
5837404,1,5817536
5837402,1,5817534
5837397,1,5817530
5837392,1,5817525
5837381,1,5817514
5837376,1,5817509
5837364,1,5817497
5837356,1,5817489
5837353,1,5817486
5837344,1,5817477
5837343,1,5817476
5837342,1,5817475
5837338,1,5817471
5836285,1,5817423
5834194,1,5817336
5834190,1,5817332
5834189,1,5817331
5834178,1,5817320
5834139,1,5817281
5834138,1,5817280
5834134,1,5817276
5833122,1,5817264
5833099,1,5817241
5833094,1,5817236
5833092,1,5817234
5833089,1,5817231
5833088,1,5817230
5832012,1,5817148
5831038,1,5817109
5841622,1,5816744
5841616,1,5816738
5841587,1,5816709
5841565,1,5816687
5840549,1,5816677
5840523,1,5816651
5840521,1,5816649
5840490,1,5816618
5839475,1,5816609
5839473,1,5816607
5839458,1,5816592
5839451,1,5816585
5839425,1,5816559
5838393,1,5816533
5838379,1,5816519
5838378,1,5816518
5838375,1,5816515
5838360,1,5816500
5838353,1,5816493
5838347,1,5816487
5837325,1,5816474
5837321,1,5816470
5837316,1,5816465
5837312,1,5816461
5837309,1,5816458
5837307,1,5816456
5837302,1,5816451
5837301,1,5816450
5837290,1,5816439
5837289,1,5816438
5837286,1,5816435
5837285,1,5816434
5837283,1,5816432
5837281,1,5816430
5837280,1,5816429
5837279,1,5816428
5837276,1,5816425
5837273,1,5816422
5837272,1,5816421
5845144,1,5856534
5845125,1,5856516
5845108,1,5856499
5845107,1,5856498
5845103,1,5856494
5845100,1,5856491
5845096,1,5856487
5845091,1,5856482
5845087,1,5856478
5844090,1,5856457
5844085,1,5856452
5844070,1,5856437
5844063,1,5856430
5844053,1,5856420
5844047,1,5856414
5844046,1,5856413
5843056,1,5856399
5843051,1,5856394
5843044,1,5856387
5843040,1,5856383
5843036,1,5856379
5858834,1,5856345
5858826,1,5856338
5858824,1,5856336
5858822,1,5856334
5858818,1,5856330
5858816,1,5856328
5858812,1,5856324
5858773,1,5856285
5857767,1,5856260
5857766,1,5856259
5857725,1,5856218
5856737,1,5856206
5856736,1,5856205
5856724,1,5856193
5856717,1,5856186
5855681,1,5856126
5854615,1,5856036
5853580,1,5855977
5861144,1,5844993
5861143,1,5844992
5861142,1,5844991
5861141,1,5844990
5861136,1,5844985
5861128,1,5844977
5861122,1,5844971
5861120,1,5844969
5861119,1,5844968
5861117,1,5844966
5861111,1,5844960
5861109,1,5844958
5861100,1,5844949
5858994,1,5844838
5858984,1,5844828
5858983,1,5844827
5858966,1,5844810
5867414,1,5844314
5867406,1,5844306
5867398,1,5844298
5867397,1,5844297
5866359,1,5844256
5866334,1,5844231
5865240,1,5844182
5865229,1,5844171
5865218,1,5844160
5865216,1,5844158
5864200,1,5844118
5864196,1,5844114
5864193,1,5844111
5861081,1,5843952
5861075,1,5843946
5861052,1,5843923
5858915,1,5843778
5867338,1,5843261
5867328,1,5843251
5867326,1,5843249
5867323,1,5843246
5853570,1,5855967
5852569,1,5855942
5852532,1,5855905
5850437,1,5855824
5850421,1,5855808
5850385,1,5855772
5849308,1,5855713
5849307,1,5855712
5848172,1,5855654
5848153,1,5855635
5847163,1,5855621
5847118,1,5855576
5846116,1,5855555
5846111,1,5855550
5846078,1,5855517
5846077,1,5855516
5845079,1,5855501
5845041,1,5855464
5845028,1,5855451
5844032,1,5855431
5844021,1,5855420
5844000,1,5855399
5843999,1,5855398
5843993,1,5855392
5842993,1,5855368
5842992,1,5855367
5842989,1,5855364
5842970,1,5855345
5857716,1,5855237
5857689,1,5855210
5857679,1,5855200
5856677,1,5855174
5856664,1,5855161
5856623,1,5855120
5855592,1,5855065
5855591,1,5855064
5854603,8,5855051
5854597,1,5855046
5854548,1,5854997
5854547,1,5854996
5853563,1,5854987
5853561,1,5854985
5853512,1,5854937
5852519,1,5854920
5852474,1,5854875
5852467,1,5854868
5852465,1,5854866
5850336,1,5854755
5849270,1,5854708
5849254,1,5854692
5849253,1,5854691
5849249,1,5854687
5848147,1,5854657
5848144,1,5854655
5848143,1,5854654
5847098,1,5854585
5846038,1,5854507
5846024,1,5854493
5846023,1,5854492
5846018,1,5854487
5845003,1,5854455
5844993,1,5854445
5844982,1,5854434
5844960,1,5854412
5844954,1,5854406
5843965,1,5854393
5843962,1,5854390
5843956,1,5854384
5843954,1,5854382
5842889,1,5854293
5858679,1,5854256
5858639,1,5854216
5857648,1,5854201
5856605,1,5854134
5856589,1,5854118
5855579,1,5854083
5855574,1,5854079
5855531,1,5854036
5867321,1,5843244
5865193,1,5843155
5865191,1,5843153
5865181,1,5843143
5865178,1,5843140
5865177,1,5843139
5865175,1,5843137
5865172,1,5843134
5865169,1,5843131
5865168,1,5843130
5864164,1,5843102
5864154,1,5843092
5864153,1,5843091
5864150,1,5843088
5864149,1,5843087
5864137,1,5843075
5864135,1,5843073
5864131,1,5843069
5864126,1,5843064
5864125,1,5843063
5864123,1,5843061
5861023,1,5842915
5861013,1,5842906
5861010,1,5842903
5861006,1,5842899
5860988,1,5842881
5860980,1,5842873
5860979,1,5842872
5860975,1,5842868
5860971,1,5842864
5860962,1,5842855
5860960,1,5842853
5867304,1,5842248
5867302,1,5842246
5866231,1,5842166
5865142,1,5842122
5865139,1,5842119
5865135,1,5842115
5865133,1,5842113
5865129,1,5842109
5865128,1,5842108
5865120,1,5842100
5865088,1,5842068
5860951,1,5841864
5860944,1,5841857
5860914,1,5841827
5860902,1,5841815
5842087,1,5841732
5842085,1,5841731
5842083,1,5841729
5867189,1,5841151
5866154,1,5841104
5865081,1,5841076
5865063,1,5841058
5865058,1,5841053
5860876,1,5840807
5860843,1,5840774
5860839,1,5840770
5859806,1,5840750
5859784,1,5840729
5859783,1,5840728
5859773,1,5840718
5855523,1,5854028
5854516,1,5853997
5854500,1,5853981
5854499,1,5853980
5854479,1,5853960
5853499,1,5853955
5853491,1,5853948
5853481,1,5853938
5853474,1,5853931
5853470,1,5853927
5852458,21,5853890
5852435,1,5853868
5852405,1,5853838
5852403,1,5853836
5850295,1,5853747
5850269,1,5853721
5850245,1,5853697
5849216,1,5853687
5849215,1,5853686
5849202,1,5853674
5849175,1,5853647
5864815,1,5853556
5864805,1,5853546
5861655,1,5853326
5861654,1,5853325
5861640,1,5853311
5860619,1,5853302
5860618,1,5853301
5860596,1,5853280
5860579,1,5853263
5860575,1,5853259
5860556,1,5853240
5860555,1,5853239
5859536,1,5853226
5859535,1,5853225
5865770,1,5852550
5865751,1,5852531
5864756,1,5852516
5864731,1,5852491
5864729,1,5852489
5867168,1,5840151
5867164,1,5840147
5867157,1,5840140
5867144,1,5840127
5867140,1,5840123
5864970,1,5839984
5864966,1,5839980
5864963,1,5839977
5860820,1,5839772
5860798,1,5839751
5860796,1,5839749
5860782,1,5839735
5859692,1,5839657
5859689,1,5839654
5859683,1,5839648
5859680,1,5839645
5867085,1,5839089
5867078,1,5839082
5867076,1,5839080
5867060,1,5839064
5865999,1,5838985
5864946,1,5838977
5864940,1,5838971
5864928,1,5838959
5864922,1,5838953
5864911,1,5838942
5860737,1,5838708
5860731,1,5838702
5860702,1,5838673
5860701,1,5838672
5859674,1,5838655
5859635,1,5838616
5859625,1,5838606
5859619,1,5838600
5864728,1,5852488
5864726,1,5852486
5861605,1,5852297
5861597,1,5852289
5861567,1,5852259
5860542,1,5852246
5860541,1,5852245
5860536,1,5852240
5860535,1,5852239
5859477,7,5852185
5859470,1,5852178
5859456,1,5852164
5859455,1,5852163
5859450,1,5852158
5859432,1,5852140
5859422,1,5852130
5859421,1,5852129
5864657,1,5851438
5864639,1,5851420
5864633,1,5851414
5864627,1,5851408
5861550,1,5851265
5861547,1,5851262
5861509,1,5851224
5860483,1,5851208
5860436,1,5851162
5859386,1,5851114
5859368,1,5851096
5859365,1,5851093
5859364,1,5851092
5866767,1,5850545
5866760,1,5850538
5866745,1,5850523
5864622,1,5850423
5864606,1,5850407
5864603,1,5850404
5864601,1,5850402
5864594,1,5850395
5864591,1,5850392
5864566,1,5850367
5861455,1,5850193
5860415,1,5850162
5860414,1,5850161
5860370,1,5850118
5859341,1,5850089
5859338,1,5850086
5859314,1,5850062
5866681,1,5849481
5865574,1,5849415
5864545,1,5849367
5864531,1,5849353
5864530,1,5849352
5864523,1,5849345
5864508,1,5849330
5861418,1,5849180
5861412,1,5849174
5861385,1,5849147
5861384,1,5849146
5861376,1,5849138
5861375,1,5849137
5860349,1,5849119
5860298,1,5849069
5866980,1,5838007
5866978,1,5838005
5865987,1,5837993
5865966,1,5837972
5865962,1,5837968
5864863,1,5837915
5864849,1,5837901
5864828,1,5837880
5861723,1,5837704
5860679,1,5837673
5860675,1,5837669
5860669,1,5837663
5860662,1,5837656
5860660,1,5837654
5860655,1,5837649
5860642,1,5837636
5859609,1,5837611
5859577,1,5837579
5859576,1,5837578
5859564,1,5837566
5859555,1,5837557
5866960,1,5837011
5866959,1,5837010
5866930,1,5836981
5865902,1,5836929
5865884,1,5836911
5865880,1,5836907
5865878,1,5836905
5840738,1,5819819
5840719,1,5819800
5839676,1,5819763
5839648,1,5819735
5838585,1,5819678
5838574,1,5819667
5838565,1,5819658
5838558,1,5819651
5838557,1,5819650
5836439,1,5819544
5836422,1,5819527
5836419,1,5819524
5836416,1,5819521
5836405,1,5819510
5834315,1,5819426
5834307,1,5819418
5834301,1,5819412
5834294,1,5819405
5834277,1,5819388
5834275,1,5819386
5834274,1,5819385
5834269,1,5819380
5834267,1,5819378
5833267,1,5819375
5833263,1,5819372
5833257,1,5819366
5833248,1,5819357
5833237,1,5819346
5833226,1,5819335
5833206,1,5819315
5833204,1,5819313
5832203,1,5819307
5832193,1,5819298
5832186,1,5819291
5832159,1,5819264
5832154,1,5819259
5832143,1,5819248
5832142,1,5819247
5831190,1,5819228
5831146,1,5819184
5830150,1,5819127
5830149,1,5819126
5841749,1,5818840
5840665,1,5818761
5840657,1,5818753
5840652,1,5818748
5840651,1,5818747
5840649,1,5818745
5840633,1,5818729
5839616,1,5818717
5839598,1,5818700
5839569,1,5818671
5838546,1,5818653
5838545,1,5818652
5837425,1,5818541
5837421,1,5818537
5837419,1,5818535
5837418,1,5818534
5837415,1,5818531
5837413,1,5818529
5837409,1,5818525
5837406,1,5818522
5837405,1,5818521
5836358,1,5818479
5835299,1,5818424
5834264,1,5818389
5834257,1,5818383
5834251,1,5818377
5834250,1,5818376
5834203,1,5818329
5833197,1,5818322
5833192,1,5818317
5833180,1,5818305
5833170,1,5818295
5833165,1,5818290
5833158,1,5818283
5833142,1,5818267
5831126,1,5818180
5831101,1,5818155
5859270,1,5849039
5859257,1,5849026
5859256,1,5849025
5859253,1,5849022
5859248,1,5849017
5859237,1,5849006
5859235,1,5849004
5865502,1,5848364
5864493,1,5848332
5864482,1,5848321
5864466,1,5848305
5864459,1,5848298
5864455,1,5848294
5864451,1,5848290
5864432,1,5848271
5861360,1,5848141
5861359,1,5848140
5861335,1,5848117
5861330,1,5848112
5861308,1,5848090
5860242,1,5848032
5860241,1,5848031
5860224,1,5848014
5859222,1,5848007
5859221,1,5848006
5860801,1,5839754
5837351,1,5817484
5834675,1,5808943
5833078,1,5817220
5832077,1,5818197
5831796,1,5812991
5831763,1,5812958
5831289,1,5805603
5841354,1,5812539
5839171,1,5812368
5838097,1,5812300
5841284,1,5811488
5841230,1,5811434
5838056,1,5811278
5834770,1,5810022
5833734,1,5809983
5833733,1,5809982
5841154,1,5809389
5833574,1,5807858
5833569,1,5807853
5840945,1,5806231
5840930,1,5806216
5840925,1,5806211
5837728,1,5806032
5836664,1,5805975
5831315,1,5805629
5831296,1,5805610
5840875,1,5805180
5838710,1,5805027
5837654,1,5804977
5832310,1,5804643
5838630,1,5803965
5833324,1,5803677
5832241,1,5803591
5832235,1,5803585
5832234,1,5803584
5859468,1,5852176
5859457,1,5852165
5859375,1,5851103
5864439,1,5848278
5859607,1,5837609
5859591,1,5837593
5862857,1,5838840
5864672,1,5851453
5830944,1,5816031
5830932,1,5815033
5830925,1,5815026
5830922,1,5815023
5830921,1,5815022
5830920,1,5815021
5830918,1,5815019
5830915,1,5815016
5830913,1,5815014
5830911,1,5815012
5830910,1,5815011
5861302,1,5848084
5860174,1,5846985
5860171,1,5846982
5860159,1,5846970
5864360,1,5846237
5860031,1,5844887
5858993,1,5844837
5867426,1,5844326
5865260,1,5844202
5861074,1,5843945
5858900,1,5843763
5867355,1,5843278
5867339,1,5843262
5858889,1,5842772
5867308,1,5842251
5867252,1,5842196
5860932,1,5841845
5860912,1,5841825
5860906,1,5841819
5859775,1,5840720
5859774,1,5840719
5859745,1,5840690
5864954,1,5839968
5859742,1,5839706
5867054,1,5839058
5859666,1,5838647
5861707,1,5837688
5859608,1,5837610
5858291,1,5864533
5857213,7,5864431
5854105,1,5864251
5845562,1,5863726
5843472,1,5863593
5858212,1,5863483
5858211,1,5863482
5857174,1,5863421
5857165,1,5863412
5855072,2,5863271
5854032,1,5863207
5853027,1,5863178
5848671,1,5862929
5848625,1,5862884
5843435,1,5862587
5856093,1,5862347
5856092,1,5862346
5856090,1,5862344
5856089,1,5862343
5853986,1,5862192
5852972,1,5862154
5857011,1,5861322
5856000,1,5861287
5852913,1,5861127
5852883,1,5861098
5852864,1,5861079
5849680,1,5860912
5848530,1,5860856
5848506,1,5860832
5847464,1,5860766
5847444,1,5860746
5842226,1,5860420
5858040,1,5860408
5858028,1,5860396
5858026,1,5860394
5858018,1,5860386
5856948,1,5860292
5855957,1,5860277
5854926,1,5860221
5848429,1,5859788
5844296,1,5859571
5857960,1,5859360
5854850,1,5859178
5853764,1,5859068
5848392,1,5858783
5842129,1,5858389
5857865,1,5858297
5857862,1,5858294
5856846,7,5858254
5856839,1,5858247
5856829,1,5858237
5854799,1,5858158
5853740,1,5858076
5848321,1,5857742
5847279,1,5857676
5857846,1,5857307
5857826,1,5857287
5855735,1,5857148
5853677,1,5857042
5853657,1,5857022
5852632,1,5856973
5848262,1,5856712
5845140,1,5856531
5845130,1,5856521
5845089,1,5856480
5845086,1,5856477
5858833,1,5856344
5858801,1,5856313
5855647,1,5856092
5852856,1,5861071
5852855,1,5861070
5852854,1,5861069
5854812,1,5859140
5852768,1,5859048
5847336,1,5858703
5856840,1,5858248
5855745,1,5857158
5855733,1,5857146
5848257,1,5856707
5858794,1,5856306
5850429,1,5855816
5845075,1,5855498
5846052,1,5854521
5844992,7,5854444
5843932,1,5854360
5864777,1,5853518
5861608,1,5852300
5861589,1,5852281
5860534,1,5852238
5864588,1,5850389
5860357,1,5850105
5860356,1,5850104
5860355,1,5850103
5860326,1,5849097
5860325,1,5849096
5865515,1,5848377
5864468,1,5848307
5864457,1,5848296
5864456,1,5848295
5864417,1,5847275
5864415,1,5847273
5861252,1,5847056
5860170,1,5846981
5860168,1,5846979
5864355,1,5846232
5861050,1,5843921
5854645,1,5856066
5853620,1,5856017
5853593,1,5855990
5853592,1,5855989
5852583,1,5855956
5848208,1,5855690
5847132,1,5855590
5845080,1,5855502
5845023,1,5855446
5856656,1,5855153
5856655,7,5855152
5856653,1,5855150
5854604,1,5855052
5852500,1,5854901
5849264,1,5854702
5848142,1,5854653
5844966,1,5854418
5858643,1,5854220
5857619,1,5854172
5857605,1,5854158
5855549,1,5854054
5853436,1,5853893
5859526,1,5853216
5865767,1,5852547
5865766,1,5852546
5861627,1,5852318
5859461,1,5852169
5859459,1,5852167
5861525,1,5851240
5859355,1,5851083
5861467,1,5850205
5861466,1,5850204
5861465,1,5850203
5861464,1,5850202
5861463,1,5850201
5861462,1,5850200
5861460,1,5850198
5861364,1,5849126
5861363,1,5849125
5861362,1,5849124
5859267,1,5849036
5864474,1,5848313
5864473,1,5848312
5861316,1,5848098
5846892,1,5867947
5856788,7,5857225
5831519,1,5808781
5831518,1,5808780
5831517,1,5808779
5831516,1,5808778
5831267,1,5804598
5831266,1,5804597
5830945,1,5816032
5830924,1,5815025
5830923,1,5815024
5830919,1,5815020
5830917,1,5815018
5848045,1,5870060
5858632,1,5869714
5858596,1,5869679
5856522,1,5869557
5855484,1,5869495
5853425,1,5869388
5856461,1,5868528
5856438,1,5868505
5854387,1,5868406
5856384,1,5867484
5856379,1,5867479
5856378,7,5867478
5856377,1,5867477
5855329,1,5867405
5855320,1,5867396
5847827,7,5866939
5858401,1,5866581
5858386,7,5866566
5856319,1,5866451
5853205,1,5866265
5849990,1,5866052
5849989,1,5866051
5847807,1,5865951
5847806,2,5865950
5857283,1,5865471
5847752,1,5864927
5830943,1,5816030
5830942,1,5816029
5830941,1,5816028
5830940,1,5815040
5830939,1,5815039
5830937,1,5815038
5830934,1,5815035
5830926,1,5815027
5830916,1,5815017
5830912,1,5815013
5830909,1,5815010
5830308,1,5805561
5850369,1,6044984
5867587,1,6043420
5830936,1,5815037
5830935,1,5815036
5840757,1,5819837
5840696,1,5819777
5839684,1,5819770
5835347,1,5819457
5834305,1,5819416
5833250,1,5819359
5839536,1,5817654
5839496,1,5817614
5832032,1,5817168
5832018,1,5817154
5841618,1,5816740
5841602,1,5816724
5839464,1,5816598
5837315,1,5816464
5831977,1,5816128
5861107,1,5844956
5833023,1,5816181
5830933,1,5815034
5850172,1,5868166
5850167,1,5868162
5850173,1,5868167
5850158,1,5868153
5851152,1,5867168
5851151,8,5867167
5863201,1,5845075
5830127,1,5818120
5851049,1,6038070
5839391,1,5815539
5837239,1,5815402
5837217,1,5815380
5831934,1,5815098
5831911,1,5815075
5841456,1,5814607
5840392,1,5814549
5840380,1,5814537
5839337,1,5814500
5839334,1,5814497
5839316,1,5814479
5839284,1,5814447
5831830,1,5814010
5841420,1,5813587
5841397,1,5813564
5840303,1,5813476
5839237,1,5813416
5839232,1,5813411
5839231,1,5813410
5838191,1,5813376
5834984,1,5813185
5834969,1,5813170
5831804,1,5812999
5841396,1,5813563
5834982,1,5813183
5837020,1,5812232
5832780,1,5812002
5832762,1,5811984
5830729,1,5811880
5839102,1,5811318
5832715,1,5810954
5831635,1,5810862
5841170,1,5810389
5836896,1,5810141
5835817,1,5810068
5832643,1,5809898
5832607,1,5809862
5835789,1,5809055
5836789,1,5808068
5835697,1,5807981
5835696,1,5807980
5835695,1,5807979
5835692,1,5807976
5834614,1,5807900
5832526,1,5807813
5832517,1,5807804
5832512,1,5807799
5830426,1,5807645
5835664,1,5806964
5834556,1,5806859
5834536,1,5806839
5832463,1,5806764
5830342,1,5806577
5850179,1,5869140
5864068,1,5842024
5836735,1,6044414
5845523,1,5862719
5847549,1,5861818
5843344,1,5861529
5847418,1,5859753
5851643,1,5857956
5856758,1,5857195
5849407,1,5856776
5851504,1,5855882
5851503,1,5855881
5850435,1,5855822
5861595,1,5852287
5861594,1,5852286
5861593,1,5852285
5859225,1,5848994
5860150,1,5845982
5860148,1,5845980
5861726,1,5837707
5866952,1,5837003
5835363,1,5819473
5835362,1,5819472
5830153,1,5819130
5836212,1,5816366
5832951,1,5815123
5831825,1,5814005
5832812,1,5813017
5831638,4,5810865
5841191,1,5810410
5838958,1,5809205
5838957,1,5809204
5837918,1,5809171
5837916,1,5809169
5836832,1,5809093
5836831,1,5809092
5836830,1,5809091
5836738,1,5808017
5836737,1,5808016
5835711,2,5807995
5835710,1,5807994
5835709,1,5807993
5835708,1,5807992
5835703,1,5807987
5839929,1,5807205
5836736,1,5807030
5836687,1,5806983
5836686,1,5806982
5840844,1,5805149
5832020,1,5817156
5831060,1,5817131
5831937,1,5815101
5831917,1,5815081
5830786,1,5812920
5836821,1,5809082
5831219,1,5804550
5859542,1,5853232
5864283,1,5845181
5840753,1,5819834
5840625,1,5818721
5837447,1,5818563
5839498,1,5817616
5839497,1,5817615
5839495,1,5817613
5836299,1,5817437
5835201,1,5817343
5835163,1,5816321
5840391,1,5814548
5839336,1,5814499
5839335,1,5814498
5836652,1,5805964
5837545,1,5803886
5836531,1,5803879
5836523,1,5803872
5832245,1,5803595
5849083,1,5869132
5849070,1,5869119
5849031,1,5869080
5854358,1,5868377
5847924,1,5868004
5847923,1,5868003
5847920,1,5868000
5851078,1,5866128
5847796,1,5865940
5847795,1,5865939
5847794,1,5865938
5847788,1,5865932
5851032,1,5865116
5851019,1,5865103
5847751,1,5864926
5847750,1,5864925
5846703,1,5864853
5846702,1,5864852
5845610,1,5864744
5850952,1,5864068
5853022,1,5863173
5842169,7,5859396
5846321,1,5858666
5855575,7,6044972
5832866,1,6037018
5853625,1,6036515
5833334,1,5803686
5840843,1,5805148
5835525,1,5804860
5830221,1,5804491
5843802,1,5868767
5847866,1,5866978
5856314,1,5866446
5842582,1,5865620
5842581,1,5865619
5857270,1,5865458
5855208,1,5865348
5855207,1,5865347
5857269,1,5864486
5857268,1,5864485
5855107,6,5863306
5857092,1,5862370
5843343,1,5861528
5846345,1,5859657
5842183,1,5859410
5842108,1,5858368
5842093,1,5858353
5842092,3,5858352
5842091,3,5858351
5843069,1,5857383
5845083,1,5856474
5844068,1,5856435
5844045,1,5856412
5845082,1,5855504
5844037,1,5855436
5846004,1,5854473
5846003,1,5854472
5846002,1,5854471
5859277,1,5849046
5859276,1,5849045
5859275,1,5849044
5859274,1,5849043
5859273,1,5849042
5866571,1,5847408
5864384,1,5847242
5864343,1,5846220
5864163,1,5843101
5859892,3,5842795
5865039,1,5841034
5867149,1,5840132
5866072,1,5840040
5864962,1,5839976
5859741,1,5839705
5859664,1,5838645
5859663,1,5838644
5844896,1,5869853
5844895,1,5869852
5844894,1,5869851
5843875,1,5869808
5853407,1,5869370
5853406,7,5869369
5844855,1,5868844
5849982,1,5866044
5849981,1,5866043
5849980,1,5866042
5849979,1,5866041
5849978,1,5866040
5849977,1,5866039
5849976,1,5866038
5849975,1,5866037
5848835,1,5865993
5848834,1,5865992
5848833,1,5865991
5848832,1,5865990
5848831,1,5865989
5848830,1,5865988
5848829,1,5865987
5848828,1,5865986
5848827,1,5865985
5847765,1,5865909
5856247,1,5865411
5855245,1,5865385
5855244,1,5865384
5853130,1,5865222
5847748,1,5864923
5843542,1,5864634
5858272,1,5864514
5858271,1,5864513
5858270,1,5864512
5855176,1,5864346
5855175,1,5864345
5854098,1,5864244
5847687,1,5863891
5847686,1,5863890
5858204,1,5863475
5856047,1,5862301
5846487,1,5861731
5846486,1,5861730
5857070,7,5861380
5857067,1,5861378
5854983,1,5861246
5832859,1,6037017
5841710,1,5818801
5839585,1,5818687
5839584,1,5818686
5841674,1,5817780
5839523,1,5817641
5831066,1,5817137
5837296,1,5816445
5830960,1,5816047
5830959,1,5816046
5833963,1,5814148
5838998,1,5809245
5837905,1,5809158
5830532,1,5808733
5841968,1,5806253
5838808,1,5806106
5838806,1,5806104
5841903,1,5805206
5840800,1,5804123
5855319,1,5866426
5844646,1,5865732
5849752,1,5861948
5863769,1,5853487
5863757,1,5853475
5863691,1,5852428
5863684,1,5852421
5862650,1,5852363
5862649,1,5852362
5862594,1,5851327
5859949,1,5843828
5860803,1,5839756
5860802,1,5839755
5864945,1,5838976
5864944,1,5838975
5866976,1,5838003
5859590,1,5837592
5863517,1,5849315
5863516,1,5849314
5863513,1,5849311
5863506,1,5849304
5862428,1,5849202
5862424,1,5849198
5863233,1,5845107
5860030,1,5844886
5863152,1,5844046
5864112,1,5843050
5863121,1,5843035
5863088,1,5843002
5864073,1,5842029
5863038,1,5841970
5860928,1,5841841
5863978,1,5840950
5862947,1,5840894
5862946,1,5840893
5862897,1,5839864
5863889,1,5838896
5863882,1,5838889
5863834,1,5837863
5863814,1,5837843
5862803,1,5837808
5862802,1,5837807
5862801,1,5837806
5839640,1,5819727
5838595,1,5819688
5837386,1,5817519
5832071,1,5817206
5841597,1,5816719
5834087,1,5816244
5837262,1,5815425
5832867,1,5814056
5841380,1,5813547
5840309,1,5813482
5839260,1,5813439
5834974,1,5813175
5834973,1,5813174
5834972,1,5813173
5834971,1,5813172
5834970,1,5813171
5834966,1,5813167
5834951,1,5813152
5839157,1,5812354
5838100,1,5812303
5841275,1,5811479
5841273,1,5811477
5836957,1,5811188
5841225,1,5810443
5841224,1,5810442
5834754,1,5810006
5838956,1,5809203
5837930,1,5809183
5837929,1,5809182
5837906,1,5809159
5833650,1,5808916
5841082,1,5808335
5838935,1,5808200
5838928,1,5808193
5833560,1,5807844
5833559,1,5807843
5831422,1,5807702
5831421,1,5807701
5839920,1,5807196
5833473,1,5806772
5833472,1,5806771
5833471,1,5806770
5842010,1,5806295
5839826,1,5806118
5838807,1,5806105
5838805,1,5806103
5833408,1,5805725
5840837,1,5805142
5835921,1,5811157
5835324,1,5818449
5836099,1,5814283
5836098,1,5814282
5834911,1,5812129
5835922,1,5811158
5836817,1,5809078
5834696,1,5808964
5841026,1,5808279
5835694,1,5807978
5835691,1,5807975
5846454,1,5860732
5832848,1,5813053
5832691,1,5810930
5847822,1,6038083
5845960,1,5869934
5844911,1,5869868
5844887,1,5868875
5858528,1,5868643
5857479,1,5868570
5854291,1,5867343
5845771,1,5866842
5844748,1,5866802
5853176,1,5866236
5844690,1,5865775
5858312,1,5865524
5853173,1,5865264
5853098,1,5864220
5845561,1,5863725
5845560,1,5863724
5842456,1,5863553
5857172,1,5863419
5843425,1,5862577
5846445,1,5860723
5845391,1,5860655
5845390,1,5860654
5852812,1,5860060
5846391,1,5859703
5846366,1,5859678
5853790,1,5859094
5856751,1,5857188
5852638,1,5856979
5852615,1,5856956
5858784,1,5856296
5846065,1,5854533
5842925,1,5854329
5842924,1,5854328
5842923,1,5854327
5842921,1,5854325
5860528,1,5852232
5860525,1,5852229
5860522,1,5852226
5861524,1,5851239
5859285,1,5849053
5861320,1,5848102
5860250,1,5848040
5859196,1,5847982
5859180,1,5847966
5860066,1,5844922
5858901,1,5843764
5842027,1,5841673
5866021,1,5839007
5864823,1,5837875
5841745,1,5818836
5839570,1,5818672
5835326,1,5818451
5841687,1,5817793
5840611,1,5817723
5834187,1,5817329
5834186,1,5817328
5834185,1,5817327
5832031,1,5817167
5832023,1,5817159
5839343,1,5814506
5835011,1,5814197
5840354,1,5813526
5834983,1,5813184
5834964,1,5813165
5834963,1,5813164
5834954,1,5813155
5841343,1,5812528
5841342,1,5812527
5835977,1,5812194
5841283,1,5811487
5841235,1,5811439
5839090,1,5811306
5833740,1,5810974
5841216,1,5810435
5841215,1,5810434
5841106,1,5809341
5840072,1,5809313
5839980,1,5808239
5841019,1,5807289
5840948,1,5806234
5837698,1,5806002
5836644,1,5805956
5841916,1,5805219
5840869,1,5805174
5840850,1,5805155
5838721,1,5805038
5830257,1,5804527
5841883,1,5804203
5841881,1,5804201
5841865,1,5804185
5841864,1,5804184
5841863,1,5804183
5838658,1,5803993
5838628,1,5803963
5837592,1,5803933
5843847,1,5868811
5852796,1,5860044
5840821,1,5804143
5838029,1,5811251
5840581,1,5817693
5832597,1,6044916
5861288,1,6043434
5856420,1,6038645
5831938,1,6037524
5848033,1,5870048
5858552,1,5868667
5854292,1,5867344
5847847,1,5866959
5849991,1,5866053
5857326,1,5865514
5858309,7,5864550
5858219,1,5863490
5857173,1,5863420
5857140,1,5863387
5854078,1,5863253
5854033,1,5863208
5845527,1,5862723
5853963,1,5862169
5851866,1,5862045
5858093,1,5861428
5849570,1,5859839
5856883,1,5859259
5843184,1,5858467
5842142,1,5858402
5857889,1,5858321
5857879,1,5858311
5852690,1,5858002
5845192,1,5857554
5855749,1,5857162
5855710,1,5857123
5854710,1,5857099
5848187,1,5855669
5861691,1,5853362
5861287,1,5847091
5861207,1,5846033
5867276,1,5842220
5861734,1,5837715
5841200,1,5810419
5834760,1,5810012
5836809,1,5809070
5834729,1,5808997
5838824,1,5807106
5834557,1,5806860
5840886,1,5805191
5840885,1,5805190
5840874,1,5805179
5861731,1,5837712
5861713,1,5837694
5866962,1,5837013
5838552,1,5819645
5832141,1,5819246
5834177,1,5817319
5838363,1,5816503
5831994,1,5816145
5831980,1,5816131
5831975,1,5816126
5831963,1,5816114
5831929,1,5815093
5831923,1,5815087
5831922,1,5815086
5831865,1,5814045
5831861,1,5814041
5832835,1,5813040
5832828,1,5813033
5831801,1,5812996
5832781,1,5812003
5831153,1,5819191
5832110,1,5818230
5831118,1,5818172
5836298,1,5817436
5830837,1,5813955
5830825,1,5813943
5830607,1,5810774
5830564,1,5809746
5830527,1,5808728
5831472,1,5807752
5831411,1,5807691
5831290,1,5805604
5831240,1,5804571
5856505,1,5869540
5851219,1,5868201
5852246,1,5867256
5851077,1,5866127
5846749,1,5865868
5846748,1,5865867
5850970,1,5864086
5850969,1,5864085
5851942,1,5863088
5850741,1,5860958
5851635,1,5857948
5850334,1,5854753
5850326,1,5854745
5850319,1,5854738
5850317,1,5854736
5850315,1,5854734
5850313,1,5854732
5851370,1,5853810
5861092,1,5844941
5859893,1,5842796
5841731,1,5818822
5832085,1,5818205
5832084,1,5818204
5836975,1,5811206
5837909,1,5809162
5856706,1,5856175
5856705,1,5856174
5861448,1,5850186
5852364,1,5869305
5852350,1,5869291
5852336,1,5869277
5851261,1,5869209
5851260,1,5869208
5850236,1,5869196
5849073,1,5869122
5849072,1,5869121
5849071,1,5869120
5849064,1,5869113
5844856,1,5868845
5856459,1,5868526
5851218,1,5868200
5851215,1,5868197
5851214,1,5868196
5851130,1,5867146
5851129,1,5867145
5852185,1,5866229
5852159,1,5866204
5852158,1,5866203
5852152,1,5866197
5851076,1,5866126
5852105,1,5865185
5851048,1,5865132
5848779,1,5864972
5850971,1,5864087
5851949,1,5863095
5851948,1,5863094
5849830,1,5862990
5849826,1,5862986
5849708,1,5861904
5849707,1,5861903
5843346,1,5861531
5856025,1,5861312
5850718,1,5860935
5854922,1,5860218
5856874,1,5858282
5854757,1,5858117
5854756,1,5858116
5851637,1,5857950
5850543,1,5857863
5856759,1,5857196
5835606,1,5806907
5837706,1,5806010
5835567,1,5805884
5836515,1,5803864
5847083,1,5854570
5852427,1,5853860
5851344,1,5853784
5850301,1,5853752
5850271,1,5853723
5859504,1,5853194
5866735,1,5850513
5861473,1,5850211
5861472,1,5850210
5861433,1,5850171
5861432,1,5850170
5867593,1,5847421
5867592,1,5847420
5867590,1,5847418
5861283,1,5847087
5861282,1,5847086
5861281,1,5847085
5861280,1,5847084
5861277,1,5847081
5861276,1,5847080
5861275,1,5847079
5867589,1,5846439
5867588,1,5846438
5867510,1,5845386
5867256,1,5842200
5865104,1,5842084
5867204,1,5841166
5867203,1,5841165
5867178,1,5840160
5867177,1,5840159
5864983,1,5839997
5864982,1,5839996
5859599,1,5837601
5859598,1,5837600
5859597,1,5837599
5859596,1,5837598
5866931,1,5836982
5838549,1,5819642
5840647,1,5818743
5836356,1,5818477
5836355,1,5818476
5836354,1,5818475
5836353,1,5818474
5836352,1,5818473
5841554,1,5815690
5838234,1,5814403
5838233,1,5814402
5838213,1,5814382
5838212,1,5814381
5838211,1,5813395
5839150,1,5812347
5841260,1,5811464
5836985,1,5811216
5837917,1,5809170
5837910,1,5809163
5834708,1,5808976
5830483,1,5808684
5838946,1,5808210
5840929,1,5806215
5850488,1,5856840
5850487,1,5856839
5850445,1,5855831
5850428,1,5855815
5850427,1,5855814
5850426,1,5855813
5850425,1,5855812
5850381,1,5855768
5850380,1,5855767
5851393,1,5854801
5850370,1,5854788
5850367,1,5854786
5850366,1,5854785
5850365,1,5854784
5850364,1,5854783
5850363,1,5854782
5850362,1,5854781
5850361,1,5854780
5850360,1,5854779
5850359,1,5854778
5850358,1,5854777
5850357,1,5854776
5850356,1,5854775
5850333,1,5854752
5850325,1,5854744
5850318,1,5854737
5850316,1,5854735
5850314,1,5854733
5850312,1,5854731
5849261,1,5854699
5849239,1,5854677
5847084,1,5854571
5862935,1,6042368
5863522,1,5850299
5862461,7,5849235
5862387,1,5848178
5863275,1,5846128
5862229,1,5846058
5863223,1,5845097
5863217,1,5845091
5863216,1,5845090
5863205,1,5845079
5863143,1,5844037
5863140,1,5844034
5863111,1,5843025
5863110,1,5843024
5863108,1,5843022
5863106,1,5843020
5862044,1,5842934
5862043,1,5842933
5862030,1,5842920
5863015,1,5841947
5863014,1,5841946
5863002,1,5841934
5862942,1,5840889
5862941,1,5840888
5862936,1,5840883
5861940,1,5840863
5861939,1,5840862
5861938,1,5840861
5861937,1,5840860
5863959,1,5839950
5861882,1,5839825
5861881,1,5839824
5861870,1,5839813
5861869,1,5839812
5861840,1,5839783
5861837,1,5839780
5861803,1,5838762
5861802,1,5838761
5863810,1,5837839
5863809,1,5837838
5861754,1,5837735
5836127,1,5814310
5836126,1,5814309
5830740,1,5812874
5830680,1,5811831
5830217,1,5804487
5830216,1,5804486
5830215,1,5804485
5849912,1,5865007
5861093,1,5844942
5861089,1,5843959
5859951,1,5843830
5859950,1,5843829
5859948,1,5843827
5863668,1,5852405
5863667,1,5852404
5863662,1,5852399
5862612,1,5852325
5833247,1,5819356
5830531,1,5808732
5831379,1,5806675
5831378,1,5806674
5831283,1,5805597
5841274,1,5811478
5857069,1,6037069
5833931,1,6037019
5844400,1,5861609
5843345,1,5861530
5857068,1,5861379
5853944,1,5861183
5853943,1,5861182
5848511,1,5860837
5846396,1,5860674
5846395,1,5859706
5846374,1,5859686
5846373,1,5859685
5857926,1,5859326
5855865,1,5859217
5847314,1,5858681
5846255,1,5857631
5846238,1,5857614
5846237,1,5857613
5846236,1,5857612
5856787,1,5857224
5852613,1,5856954
5852612,1,5856953
5852611,1,5856952
5855665,1,5856110
5853624,1,5856021
5848099,7,5854610
5848098,1,5854609
5848094,1,5854605
5848093,1,5854604
5848092,1,5854603
5848091,7,5854602
5848090,7,5854601
5848089,1,5854600
5846051,1,5854520
5846050,1,5854519
5864722,1,5852482
5864721,1,5852481
5860518,1,5852222
5865682,1,5851481
5860423,1,5851149
5860422,1,5851148
5864589,1,5850390
5866709,1,5849508
5864467,1,5848306
5860260,1,5848050
5860259,1,5848049
5866570,1,5847407
5865462,1,5847344
5864421,1,5847279
5864420,1,5847278
5864404,1,5847262
5864403,1,5847261
5865387,1,5846288
5860151,1,5845983
5865319,1,5845241
5860956,1,5841868
5860955,1,5841867
5860954,1,5841866
5866177,1,5841127
5859803,1,5840748
5859802,1,5840747
5859800,1,5840745
5859799,1,5840744
5859795,7,5840740
5859794,1,5840739
5859793,1,5840738
5859779,1,5840724
5864987,1,5840001
5864984,1,5839998
5864981,1,5839995
5859696,1,5839661
5859695,1,5839660
5859694,1,5839659
5864890,1,5838921
5859634,1,5838615
5840717,1,5819798
5840716,1,5819797
5840715,1,5819796
5840714,1,5819795
5840713,1,5819794
5839626,1,5819713
5838556,1,5819649
5838555,1,5819648
5841734,1,5818825
5834215,1,5818341
5834214,1,5818340
5832139,1,5818258
5839894,1,5807170
5839893,1,5807169
5839892,1,5807168
5837764,1,5807052
5837763,1,5807051
5837762,1,5807050
5837761,1,5807049
5837760,1,5807048
5837759,1,5807047
5840902,1,5806188
5838809,1,5806107
5833407,1,5805724
5839805,1,5805116
5839804,1,5805115
5839803,1,5805114
5839802,1,5805113
5840818,1,5804141
5840817,1,5804140
5832209,1,5803559
5832208,1,5803558
5845081,1,5855503
5848075,1,5870090
5845986,1,5869960
5857472,1,5868563
5847919,1,5867999
5848935,1,5867057
5848934,1,5867056
5848897,1,5867019
5847789,1,5865933
5843634,1,5865696
5847731,1,5864906
5858226,1,5863497
5858176,1,5862477
5855028,1,5862258
5846480,1,5861724
5845412,1,5861642
5844401,1,5861610
5832138,1,5818257
5832106,1,5818226
5840609,1,5817721
5840608,1,5817720
5834120,1,5816277
5840430,1,5815572
5840429,1,5815571
5834054,1,5815224
5834053,1,5815223
5832868,1,5814057
5840311,1,5813484
5840310,1,5813483
5834967,1,5813168
5834950,1,5813151
5834949,1,5813150
5832787,1,5812009
5831742,1,5811952
5840104,1,5810329
5841130,1,5809365
5841129,1,5809364
5833621,1,5808887
5833620,1,5808886
5841083,1,5808336
5838934,1,5808199
5838927,1,5808192
5840983,1,5807253
5850875,1,5863023
5860257,1,5848047
5836410,1,5819515
5837172,1,5814351
5836818,1,5809079
5836806,1,5809067
5836758,1,5808037
5835653,1,5806954
5836537,1,5804868
5836504,1,5803853
5843756,1,5867754
5843930,1,5854358
5832886,1,5814075
5839982,1,5808241
5844883,1,6038667
5841822,1,6038615
5854383,1,5868402
5853320,1,5868315
5852317,1,5868292
5852291,1,5868266
5851223,1,5868205
5851193,1,5868175
5854324,1,5867376
5848915,1,5867037
5848914,1,5867036
5858420,1,5866600
5858411,1,5866591
5858402,1,5866582
5856357,1,5866488
5855283,1,5866391
5855271,1,5866379
5854223,1,5866307
5847798,1,5865942
5846755,1,5865874
5858321,1,5865533
5857279,1,5865467
5857276,1,5865464
5856237,1,5865401
5856233,1,5865397
5847746,1,5864921
5847724,1,5864899
5858274,1,5864516
5858273,1,5864515
5858185,1,5863456
5856106,1,5863329
5855111,1,5863310
5854084,1,5863258
5849828,1,5862988
5849775,1,5862935
5848627,1,5862886
5847615,1,5862850
5857105,1,5862383
5856088,1,5862342
5855047,1,5862277
5855045,1,5862275
5855044,1,5862274
5842295,1,5861456
5858088,1,5861423
5854951,1,5861214
5852888,1,5861103
5852887,1,5861102
5849661,1,5860893
5849647,1,5860879
5854897,1,5860193
5854895,1,5860191
5854894,1,5860190
5853877,1,5860149
5849625,1,5859893
5856894,1,5859270
5854841,1,5859169
5853770,1,5859074
5852691,1,5858003
5850542,1,5857862
5857801,1,5857262
5856794,1,5857231
5854730,1,5857118
5855683,1,5856128
5853617,1,5856014
5845046,1,5855469
5855589,1,5855062
5847106,1,5854592
5856608,1,5854137
5854525,1,5854006
5854520,1,5854001
5852416,1,5853849
5852394,1,5853827
5851342,1,5853782
5851341,1,5853781
5861606,1,5852298
5860071,1,5844927
5867425,1,5844325
5867354,1,5843277
5867324,1,5843247
5861005,1,5842898
5867303,1,5842247
5867260,1,5842204
5866213,1,5842148
5866212,1,5842147
5860929,1,5841842
5860913,1,5841826
5860904,1,5841817
5859877,1,5841801
5867201,1,5841163
5867190,1,5841152
5867042,1,5838068
5867034,1,5838061
5867022,1,5838049
5867019,1,5838046
5867018,1,5838045
5866982,1,5838009
5866963,1,5837014
5866944,1,5836995
5866933,1,5836984
5866916,1,5836967
5866915,1,5836966
5852322,1,6038658
5832925,1,6037505
5844624,1,6038063
5848076,1,5870091
5856554,1,5869588
5854438,1,5869425
5854437,1,5869424
5852386,1,5869327
5852342,1,5869283
5851307,1,5869255
5851262,1,5869210
5851259,1,5869207
5845908,1,5868914
5845907,1,5868913
5856457,1,5868524
5855418,1,5868461
5855415,1,5868458
5855412,1,5868455
5855411,1,5868454
5859286,1,5849054
5865519,1,5848381
5865511,1,5848373
5861238,1,5847042
5860172,1,5846983
5867520,1,5846372
5849147,1,5870161
5849144,1,5870158
5849143,1,5870157
5849142,1,5870156
5849126,1,5870140
5849115,1,5870129
5849100,1,5870114
5848042,1,5870057
5856546,1,5869581
5856543,1,5869578
5856542,1,5869577
5849080,1,5869129
5849069,1,5869118
5849066,1,5869115
5849059,1,5869108
5849052,1,5869101
5848956,1,5868042
5848954,1,5868040
5845849,1,5867888
5845839,1,5867878
5848942,1,5867063
5848930,1,5867052
5848910,1,5867032
5848909,1,5867031
5848907,1,5867029
5848886,1,5867008
5846851,1,5866937
5844734,1,5866788
5854225,1,5866309
5848876,1,5866033
5848824,1,5865982
5846741,1,5865860
5844643,1,5865729
5858334,1,5865546
5857305,1,5865493
5853150,1,5865242
5848781,1,5864974
5848778,1,5864971
5848777,1,5864970
5848776,1,5864969
5846717,1,5864867
5856201,1,5864395
5856200,1,5864394
5856199,1,5864393
5854094,1,5864240
5853071,8,5864193
5849884,1,5864011
5849877,1,5864004
5848722,1,5863948
5848721,1,5863947
5848687,1,5863913
5848683,1,5863909
5848682,1,5863908
5848678,1,5863904
5847678,1,5863882
5846615,1,5863794
5845566,1,5863730
5844559,1,5863703
5842442,1,5863539
5857155,1,5863402
5857154,1,5863401
5849780,1,5862940
5848665,1,5862924
5846545,1,5862755
5844477,1,5862653
5854004,1,5862210
5846517,1,5861761
5846507,1,5861751
5846496,1,5861740
5846477,1,5861721
5846470,1,5861714
5846469,1,5861713
5846463,1,5861707
5858100,1,5861435
5854992,1,5861254
5853935,1,5861174
5851814,1,5861027
5851796,1,5861009
5849689,1,5860921
5849688,1,5860920
5849682,1,5860914
5849648,1,5860880
5846429,1,5860707
5854886,1,5860182
5851780,1,5860027
5849588,1,5859857
5849587,1,5859856
5846382,1,5859694
5846351,1,5859663
5846350,1,5859662
5846348,1,5859660
5846344,1,5859656
5856881,1,5859257
5851720,1,5858999
5851670,1,5858950
5851669,1,5858949
5849553,1,5858857
5849500,1,5858804
5846304,1,5858649
5846303,1,5858648
5846293,1,5858638
5846271,1,5858616
5857900,1,5858332
5852693,1,5858005
5849493,1,5857830
5849482,1,5857819
5849481,1,5857818
5849471,1,5857808
5849453,1,5857790
5849449,1,5857786
5849446,1,5857783
5846219,1,5857595
5846199,1,5857575
5846198,1,5857574
5856767,1,5857204
5853682,1,5857047
5852649,1,5856990
5849405,1,5856774
5849386,1,5856755
5849370,1,5856739
5849368,1,5856737
5849364,1,5856733
5846183,1,5856589
5846169,1,5856575
5846168,1,5856574
5858798,1,5856310
5858787,1,5856299
5858776,1,5856288
5858775,1,5856287
5858774,1,5856286
5852580,1,5855953
5849355,1,5855759
5849341,1,5855746
5849327,1,5855732
5849321,1,5855726
5849309,1,5855714
5849306,1,5855711
5846088,1,5855527
5846066,1,5855505
5858768,1,5855311
5858758,1,5855302
5854596,1,5855045
5853524,1,5854949
5849262,1,5854700
5849260,1,5854698
5849259,1,5854697
5849258,1,5854696
5849247,1,5854685
5849246,1,5854684
5849244,1,5854682
5849243,1,5854681
5846063,1,5854531
5846049,1,5854518
5846037,1,5854506
5846034,1,5854503
5846032,1,5854501
5846029,1,5854498
5846019,1,5854488
5849199,1,5853671
5849188,1,5853660
5849176,1,5853648
5849173,1,5853645
5861643,1,5853314
5861637,1,5853308
5861634,1,5853305
5859549,1,5853238
5859548,1,5853237
5859544,1,5853234
5859538,1,5853228
5859523,1,5853213
5859511,1,5853201
5859510,1,5853200
5859509,1,5853199
5859503,1,5853193
5859486,1,5853176
5865795,1,5852575
5861612,1,5852304
5861611,1,5852303
5861585,1,5852277
5859479,1,5852187
5859463,1,5852171
5859462,1,5852170
5859453,1,5852161
5859439,1,5852147
5859437,1,5852145
5859434,1,5852142
5859433,1,5852141
5859429,1,5852137
5859411,1,5851139
5859410,1,5851138
5859401,1,5851129
5859389,1,5851117
5859385,1,5851113
5859381,1,5851109
5859358,1,5851086
5859357,1,5851085
5865627,1,5850446
5861459,1,5850197
5861447,1,5850185
5861446,1,5850184
5861435,1,5850173
5861434,1,5850172
5861431,1,5850169
5861430,1,5850168
5861429,1,5850167
5859349,1,5850097
5859347,1,5850095
5859346,1,5850094
5859331,1,5850079
5859330,1,5850078
5859324,1,5850072
5859322,1,5850070
5859301,1,5850049
5859296,1,5850044
5865566,1,5849407
5865542,1,5849383
5861428,1,5849189
5861427,1,5849188
5861422,1,5849183
5861397,1,5849159
5861380,1,5849142
5861378,1,5849140
5861370,1,5849132
5861369,1,5849131
5859289,1,5849057
5859288,1,5849056
5859263,1,5849032
5859254,1,5849023
5859247,1,5849016
5859246,1,5849015
5859245,1,5849014
5859244,1,5849013
5859238,1,5849007
5833238,1,5819347
5832184,1,5819289
5832181,1,5819286
5832180,1,5819285
5832165,1,5819270
5832148,1,5819253
5832147,1,5819252
5832146,1,5819251
5836385,1,5818506
5836380,1,5818501
5833201,1,5818325
5833194,1,5818319
5833191,1,5818316
5832130,1,5818250
5832120,1,5818240
5832118,1,5818238
5832114,1,5818234
5832111,1,5818231
5832082,1,5818202
5833128,1,5817270
5833117,1,5817259
5832051,1,5817187
5832042,1,5817178
5832041,1,5817177
5833056,1,5816214
5833054,1,5816212
5833053,1,5816211
5833010,1,5816168
5831989,1,5816140
5831898,1,5815062
5831897,1,5815061
5831887,1,5815051
5831886,1,5815050
5831828,1,5814008
5831787,1,5812982
5832752,1,5811974
5831736,1,5811947
5831674,1,5810900
5835837,1,5810088
5835748,1,5809014
5833317,1,5803670
5833305,1,5803658
5832253,1,5803603
5832252,1,5803602
5843908,1,6038683
5853429,1,6038676
5842738,7,6038648
5854339,1,6038643
5834327,1,6038606
5848505,1,5860831
5846139,1,5856545
5866406,1,5845282
5841703,1,5818794
5837236,1,5815399
5838127,1,5812330
5833830,1,5812046
5839815,1,6043906
5841889,1,6043889
5838678,1,6043886
5833332,1,6043879
5831205,1,6038603
5842673,1,6038095
5844688,1,6038080
5841692,1,6038043
5854079,1,6037570
5835128,1,6037527
5835062,1,6037508
5846458,1,6037059
5855899,6,6037035
5842152,1,6036552
5842693,1,5867667
5842687,1,5867661
5857455,1,5867579
5857428,1,5867552
5856396,1,5867496
5856361,1,5867461
5855371,1,5867447
5843434,1,5862586
5843422,1,5862574
5843405,1,5862557
5843393,1,5862545
5842408,1,5862536
5842398,1,5862526
5842396,1,5862524
5842395,1,5862523
5842390,1,5862518
5842384,1,5862512
5856942,1,5859317
5855900,1,5859251
5855898,1,5859250
5855897,1,5859249
5855886,1,5859238
5855846,1,5859198
5855842,1,5859194
5848124,1,5854635
5845015,1,5854466
5845008,1,5854460
5845001,1,5854453
5844994,1,5854446
5843935,1,5854363
5843931,1,5854359
5843926,1,5854354
5843918,8,5854346
5849152,1,5870165
5848048,1,5870063
5848047,1,5870062
5848031,1,5870046
5844943,1,5869900
5844932,1,5869889
5844898,1,5869855
5843873,1,5869806
5843864,1,5869797
5843863,1,5869796
5843853,1,5869786
5842871,1,5869779
5842851,1,5869760
5842832,1,5869741
5842830,1,5869739
5842817,1,5869726
5842816,1,5869725
5842808,1,5869717
5857559,1,5869618
5856513,1,5869548
5856512,1,5869547
5856511,1,5869546
5856510,1,5869545
5855458,1,5869469
5853408,1,5869371
5853394,1,5869357
5853386,1,5869349
5853385,1,5869348
5853384,1,5869347
5849061,1,5869110
5849026,1,5869075
5847979,1,5869026
5844827,1,5868816
5844826,1,5868815
5844823,1,5868812
5843838,1,5868803
5843821,1,5868786
5843820,1,5868785
5843818,1,5868783
5843815,1,5868780
5843813,1,5868778
5843812,1,5868777
5843794,1,5868759
5843791,1,5868756
5843788,1,5868753
5842806,1,5868746
5842791,1,5868732
5842787,1,5868728
5842783,1,5868724
5842760,1,5868701
5856453,1,5868520
5850132,1,5868127
5850113,1,5868108
5848952,1,5868038
5847927,1,5868007
5847921,1,5868001
5844820,8,5867841
5844803,1,5867825
5844801,1,5867823
5844796,1,5867818
5844794,1,5867816
5844790,1,5867812
5843770,1,5867768
5843769,1,5867767
5843767,1,5867765
5843765,1,5867763
5843736,1,5867734
5843730,1,5867728
5842733,1,5867707
5842730,1,5867704
5842726,1,5867700
5842724,1,5867698
5855351,1,5867427
5854299,1,5867351
5853280,1,5867308
5853259,1,5867287
5848887,1,5867009
5847873,1,5866985
5844745,1,5866799
5844743,1,5866797
5844731,7,5866785
5844725,1,5866779
5843693,1,5866723
5843684,1,5866714
5843674,1,5866704
5843672,1,5866702
5843671,1,5866701
5843662,1,5866692
5843655,1,5866685
5842664,1,5866670
5842663,1,5866669
5842635,1,5866641
5842626,1,5866632
5842625,1,5866631
5842617,1,5866623
5858403,1,5866583
5856301,1,5866433
5854231,1,5866315
5853227,1,5866287
5853206,1,5866266
5848823,1,5865981
5846725,1,5865844
5844664,4,5865750
5844645,1,5865731
5844628,1,5865714
5843641,1,5865703
5843635,1,5865697
5843607,1,5865669
5843591,1,5865653
5842591,1,5865629
5842575,1,5865613
5842563,1,5865601
5842559,1,5865597
5842548,1,5865586
5858353,1,5865565
5858329,1,5865541
5857333,1,5865520
5857303,1,5865491
5857278,1,5865466
5856278,1,5865442
5856231,1,5865395
5855230,1,5865370
5854205,1,5865321
5853127,1,5865219
5847698,1,5864873
5846722,1,5864871
5845614,1,5864748
5844618,1,5864734
5844608,1,5864724
5844607,1,5864723
5844604,1,5864720
5844579,1,5864695
5844578,1,5864694
5844568,1,5864684
5844567,1,5864683
5844566,1,5864682
5843576,1,5864668
5843553,1,5864645
5843544,7,5864636
5843541,1,5864633
5843534,1,5864626
5842525,1,5864593
5842512,1,5864580
5842510,1,5864578
5842483,1,5864551
5857220,1,5864438
5857219,1,5864437
5857207,1,5864425
5854102,1,5864248
5853080,1,5864202
5845544,1,5863708
5844561,1,5863705
5844544,1,5863689
5844537,1,5863682
5844536,1,5863681
5844523,1,5863668
5844522,1,5863667
5844513,1,5863658
5844499,1,5863644
5843519,1,5863639
5843504,1,5863625
5843495,1,5863616
5843490,1,5863611
5843478,7,5863599
5842482,1,5863578
5842475,1,5863572
5842471,1,5863568
5842455,1,5863552
5842450,7,5863547
5842434,1,5863531
5842429,1,5863526
5842428,1,5863525
5842420,1,5863517
5857168,1,5863415
5856146,1,5863369
5853036,1,5863187
5845513,1,5862709
5844494,1,5862669
5844487,1,5862663
5844480,1,5862656
5844478,1,5862654
5844449,1,5862625
5843454,1,5862605
5843449,1,5862601
5843440,1,5862592
5843439,1,5862591
5842361,1,5862489
5858138,1,5862440
5858115,1,5862417
5857122,1,5862400
5857084,1,5862362
5856069,1,5862323
5856039,1,5862293
5851876,1,5862055
5847551,1,5861820
5846516,1,5861760
5846499,1,5861743
5845461,1,5861691
5845413,1,5861643
5844418,1,5861627
5844398,1,5861607
5844397,6,5861606
5844385,1,5861594
5844380,1,5861589
5844369,1,5861578
5843390,1,5861574
5843381,1,5861566
5843375,1,5861560
5843373,1,5861558
5843371,1,5861556
5843369,1,5861554
5843357,1,5861542
5843349,1,5861534
5843348,1,5861533
5843339,1,5861524
5843337,1,5861522
5842350,1,5861510
5842349,1,5861509
5842342,1,5861503
5842341,1,5861502
5842340,7,5861501
5842320,1,5861481
5842304,1,5861465
5858072,1,5861407
5854979,1,5861242
5854969,1,5861232
5852904,1,5861119
5852889,1,5861104
5851806,1,5861019
5851805,1,5861018
5851800,1,5861013
5851794,1,5861007
5851793,1,5861006
5848528,1,5860854
5846457,1,5860735
5846444,1,5860722
5846400,1,5860678
5845393,1,5860657
5845360,1,5860624
5845345,1,5860609
5844344,1,5860586
5844334,1,5860576
5844333,4,5860575
5843319,1,5860537
5843318,1,5860536
5843310,1,5860528
5843308,1,5860526
5843307,1,5860525
5843291,1,5860509
5843279,1,5860497
5843278,1,5860496
5843266,1,5860484
5843265,1,5860483
5842278,1,5860472
5842275,1,5860469
5842273,1,5860467
5842250,1,5860444
5842240,1,5860434
5842238,1,5860432
5842232,1,5860426
5842231,1,5860425
5856971,1,5860315
5855959,1,5860279
5851729,1,5859976
5847395,1,5859730
5847384,1,5859719
5847383,1,5859718
5846357,1,5859669
5845325,1,5859623
5845286,1,5859584
5844294,1,5859569
5844279,1,5859554
5844273,1,5859548
5844251,1,5859526
5844249,1,5859524
5844244,1,5859519
5844240,8,5859515
5843258,1,5859509
5843256,1,5859507
5843250,1,5859501
5843247,1,5859498
5843236,1,5859487
5843231,1,5859482
5843211,1,5859462
5843209,1,5859460
5843199,1,5859450
5842205,1,5859432
5842199,1,5859426
5842194,1,5859421
5842175,1,5859402
5842171,1,5859398
5842164,1,5859391
5842163,1,5859390
5857970,1,5859370
5857964,1,5859364
5857934,1,5859334
5854805,1,5859133
5853801,1,5859105
5851676,1,5858956
5848381,1,5858772
5846276,1,5858621
5845270,1,5858601
5845265,1,5858596
5845246,1,5858577
5845239,1,5858570
5845214,1,5858545
5844209,1,5858516
5844201,1,5858508
5844178,1,5858485
5843177,1,5858460
5843158,1,5858441
5843142,1,5858425
5843133,1,5858416
5842156,1,5858415
5842155,1,5858414
5842113,1,5858373
5842112,1,5858372
5842106,1,5858366
5842103,1,5858363
5842098,1,5858358
5842096,1,5858356
5855828,1,5858212
5855805,1,5858189
5855801,1,5858185
5855800,1,5858184
5853730,1,5858066
5846257,1,5857633
5845183,1,5857545
5845173,1,5857535
5844134,1,5857472
5844129,1,5857467
5844123,1,5857461
5844118,1,5857456
5844117,1,5857455
5844116,1,5857454
5844108,1,5857446
5843132,1,5857445
5843131,1,5857444
5843120,1,5857434
5843119,1,5857433
5843118,1,5857432
5843110,1,5857424
5843099,1,5857413
5843094,1,5857408
5843091,1,5857405
5843086,1,5857400
5843083,1,5857397
5843079,1,5857393
5843074,1,5857388
5856795,1,5857232
5855768,1,5857181
5855746,1,5857159
5853667,1,5857032
5853666,1,5857031
5853638,1,5857003
5846185,1,5856591
5846135,1,5856541
5845131,1,5856522
5845119,1,5856510
5845110,1,5856501
5844076,1,5856443
5844064,1,5856431
5843060,1,5856403
5843057,1,5856400
5843039,1,5856382
5843037,8,5856380
5857780,1,5856273
5857770,5,5856263
5856746,1,5856214
5856734,1,5856203
5854630,1,5856051
5854618,1,5856039
5853567,1,5855964
5849354,1,5855758
5848160,1,5855642
5846119,1,5855558
5846106,1,5855545
5845064,1,5855487
5845060,3,5855483
5845059,1,5855482
5844010,1,5855409
5844007,1,5855406
5843988,1,5855387
5843000,1,5855374
5842996,1,5855371
5842982,1,5855357
5842978,1,5855353
5842976,1,5855351
5842974,1,5855349
5842971,1,5855346
5842964,1,5855339
5842962,1,5855337
5842945,1,5855320
5842943,1,5855318
5842939,1,5855314
5857669,1,5855190
5856680,1,5855176
5855625,7,5855098
5854600,1,5855048
5854589,1,5855038
5854546,1,5854995
5854545,1,5854994
5853507,1,5854932
5852470,1,5854871
5850347,1,5854766
5843916,1,5854344
5842937,1,5854340
5842930,1,5854334
5842928,1,5854332
5842912,1,5854316
5842902,1,5854306
5842901,1,5854305
5842896,1,5854300
5842890,1,5854294
5858678,1,5854255
5858675,1,5854252
5858674,1,5854251
5858645,1,5854222
5858642,1,5854219
5856599,1,5854128
5855577,1,5854081
5855550,1,5854055
5853482,1,5853939
5850309,1,5853759
5865831,1,5853592
5865810,1,5853571
5864818,1,5853559
5864804,1,5853545
5861656,1,5853327
5859517,7,5853207
5864690,1,5851470
5864678,1,5851459
5864660,1,5851441
5864653,1,5851434
5864638,1,5851419
5859419,1,5851146
5864612,1,5850413
5859344,1,5850092
5859303,1,5850051
5859302,1,5850050
5866701,1,5849501
5866672,7,5849472
5864540,1,5849362
5864529,1,5849351
5861388,1,5849150
5861387,1,5849149
5866596,1,5848416
5866587,1,5848407
5865479,1,5848341
5866531,1,5847368
5865451,1,5847333
5864409,1,5847267
5859110,1,5846915
5859098,1,5846903
5865358,1,5846259
5865342,1,5846243
5864350,1,5846227
5864306,1,5846183
5859032,1,5845857
5867456,1,5845332
5865335,1,5845257
5864298,1,5845196
5864275,1,5845173
5859010,1,5844854
5866343,1,5844240
5865265,1,5844207
5865217,1,5844159
5861067,1,5843938
5861053,1,5843924
5858929,1,5843792
5866292,1,5843209
5866291,1,5843208
5865204,1,5843166
5865155,1,5843117
5864133,1,5843071
5864116,1,5843054
5858887,1,5842770
5867265,1,5842209
5867258,1,5842202
5866248,1,5842183
5866245,1,5842180
5860895,1,5841808
5842088,1,5841733
5842035,1,5841681
5842034,1,5841680
5867230,1,5841192
5867227,1,5841189
5867218,1,5841180
5867202,1,5841164
5867200,1,5841162
5867183,1,5841145
5865054,1,5841049
5865030,1,5841025
5860828,1,5840759
5859759,1,5840704
5867143,1,5840126
5867126,1,5840109
5867125,1,5840108
5867123,1,5840106
5867122,1,5840105
5867120,1,5840103
5866101,1,5840069
5866074,1,5840042
5866070,1,5840038
5865014,1,5840028
5865003,1,5840017
5864960,1,5839974
5864953,1,5839967
5860766,1,5839719
5859739,1,5839704
5859710,1,5839675
5859709,1,5839674
5859706,1,5839671
5867090,1,5839094
5849033,1,5869082
5849030,1,5869079
5845921,1,5868927
5857466,1,5868557
5854394,1,5868413
5849012,1,5868097
5849008,1,5868093
5849005,1,5868091
5849004,1,5868090
5848997,1,5868083
5846166,1,5856572
5846165,1,5856571
5846162,1,5856568
5858825,1,5856337
5858817,1,5856329
5858814,1,5856326
5858810,1,5856322
5866795,1,5851553
5866792,1,5851550
5866784,1,5851542
5861558,1,5851272
5861534,1,5851249
5861517,1,5851232
5861515,1,5851230
5861505,1,5851220
5859414,1,5851142
5830200,1,6038602
5831005,1,6037543
5842644,1,5866650
5842577,1,5865615
5855149,1,5864319
5857123,1,5862401
5857992,1,5860360
5844282,1,5859557
5844246,1,5859521
5844196,1,5858503
5844028,1,5855427
5842953,1,5855328
5854561,1,5855010
5859420,1,5852128
5859359,1,5851087
5831189,1,5819227
5831183,1,5819221
5831180,1,5819218
5831168,1,5819206
5831152,1,5819190
5830164,1,5819141
5830140,1,5819117
5833161,1,5818286
5831135,1,5818189
5831133,1,5818187
5831120,1,5818174
5831105,1,5818159
5831095,1,5818149
5831094,1,5818148
5831093,1,5818147
5831092,1,5818146
5831076,1,5818130
5831073,1,5817143
5831031,1,5817102
5831028,1,5817099
5830994,1,5816081
5830979,1,5816066
5831859,1,5814039
5831813,1,5813993
5830846,1,5813964
5830845,1,5813963
5830839,1,5813957
5830836,1,5813954
5830817,1,5813935
5830753,1,5812887
5830681,1,5811832
5830674,1,5811825
5831626,1,5810853
5830666,1,5810833
5830649,1,5810816
5830648,1,5810815
5830629,1,5810796
5830624,1,5810791
5831231,1,5804562
5831213,1,5804544
5830236,1,5804506
5830230,1,5804500
5830228,1,5804498
5830227,1,5804497
5843239,1,5859490
5843229,1,5859480
5843228,1,5859479
5843227,1,5859478
5843222,1,5859473
5843208,1,5859459
5843204,1,5859455
5843203,1,5859454
5842198,1,5859425
5842192,1,5859419
5842191,1,5859418
5842190,1,5859417
5842167,1,5859394
5842158,1,5859385
5857946,1,5859346
5856906,1,5859282
5856905,1,5859281
5855883,1,5859235
5855840,1,5859192
5854847,1,5859175
5854818,1,5859146
5854801,1,5859129
5852762,1,5859042
5849513,1,5858817
5849506,1,5858810
5849504,1,5858808
5847344,1,5858711
5846287,1,5858632
5846283,1,5858628
5846278,1,5858623
5846274,1,5858619
5845255,1,5858586
5844228,1,5858535
5844221,1,5858528
5844215,7,5858522
5844205,1,5858512
5844204,1,5858511
5844202,1,5858509
5844198,1,5858505
5844197,1,5858504
5844181,1,5858488
5844180,1,5858487
5844175,1,5858482
5844174,1,5858481
5843196,1,5858478
5843181,1,5858464
5843170,1,5858453
5843165,1,5858448
5843161,1,5858444
5843136,1,5858419
5842153,1,5858412
5842134,1,5858394
5842132,1,5858392
5842120,1,5858380
5842119,1,5858379
5842118,1,5858378
5842114,1,5858374
5842105,1,5858365
5842102,1,5858362
5857913,1,5858345
5857884,1,5858316
5857864,1,5858296
5857863,1,5858295
5856870,1,5858278
5855809,1,5858193
5855806,7,5858190
5854738,1,5858098
5853735,1,5858071
5853717,3,5858053
5852665,1,5857977
5850577,1,5857896
5849432,1,5857769
5846227,1,5857603
5846225,1,5857601
5846209,1,5857585
5846205,1,5857581
5844170,1,5857507
5844163,1,5857501
5844155,1,5857493
5844145,1,5857483
5844137,1,5857475
5844119,1,5857457
5844115,1,5857453
5843097,1,5857411
5843092,1,5857406
5843088,1,5857402
5843080,1,5857394
5843076,1,5857390
5857852,1,5857312
5857844,1,5857305
5857829,1,5857290
5857814,1,5857275
5854685,1,5857074
5853676,1,5857041
5852648,1,5856989
5852634,1,5856975
5848275,1,5856725
5847218,1,5856644
5846186,1,5856592
5846181,1,5856587
5846172,1,5856578
5846167,1,5856573
5846157,1,5856563
5846148,1,5856554
5846145,1,5856551
5846140,1,5856546
5845128,1,5856519
5845127,1,5856518
5845092,1,5856483
5844101,1,5856468
5844088,1,5856455
5844081,1,5856448
5844065,1,5856432
5844054,1,5856421
5862415,1,6043925
5830268,1,6043895
5843603,1,5865665
5843595,1,5865657
5843590,1,5865652
5843588,1,5865650
5842601,1,5865639
5842598,1,5865636
5842594,1,5865632
5842590,1,5865628
5842579,1,5865617
5842578,1,5865616
5842568,1,5865606
5842552,1,5865590
5842549,1,5865587
5858330,1,5865542
5857284,1,5865472
5856281,1,5865445
5856263,1,5865427
5856255,1,5865419
5855240,1,5865380
5855211,1,5865351
5855202,1,5865342
5855197,1,5865337
5854202,1,5865318
5847730,1,5864905
5847700,1,5864875
5845642,1,5864776
5845624,1,5864758
5844626,1,5864741
5844592,1,5864708
5843582,1,5864674
5843581,1,5864673
5843575,1,5864667
5843565,1,5864657
5843560,1,5864652
5843548,1,5864640
5843530,1,5864622
5843525,1,5864617
5842546,1,5864613
5842542,1,5864610
5842536,1,5864604
5842532,1,5864600
5842529,1,5864597
5842528,1,5864596
5842379,1,5862507
5842371,1,5862499
5842366,1,5862494
5842365,1,5862493
5842356,1,5862484
5842354,1,5862482
5842353,1,5862481
5858164,1,5862466
5858117,1,5862419
5857107,1,5862385
5856098,1,5862351
5856086,1,5862340
5856074,1,5862328
5856061,1,5862315
5854017,1,5862222
5853980,1,5862186
5853976,1,5862182
5852925,1,5862107
5851917,1,5862095
5851901,1,5862080
5851877,1,5862056
5851867,1,5862046
5851856,1,5862035
5848582,1,5861875
5848567,1,5861860
5846476,1,5861720
5845463,1,5861693
5845453,1,5861683
5844432,1,5861640
5844425,1,5861634
5844416,1,5861625
5844415,1,5861624
5844414,1,5861623
5844407,1,5861616
5844403,7,5861612
5844402,7,5861611
5844383,1,5861592
5844382,1,5861591
5843391,1,5861575
5843374,1,5861559
5843363,1,5861548
5843354,1,5861539
5842527,1,5864595
5842526,1,5864594
5842508,1,5864576
5842495,1,5864563
5842490,1,5864558
5858295,1,5864537
5858265,1,5864507
5856206,1,5864400
5856204,1,5864398
5856202,1,5864396
5856197,1,5864391
5856173,1,5864367
5854133,1,5864279
5854126,1,5864272
5854104,1,5864250
5853102,1,5864224
5853093,1,5864215
5853081,1,5864203
5848697,1,5863923
5844543,1,5863688
5844539,1,5863684
5844532,1,5863677
5844516,1,5863661
5844509,1,5863654
5844508,1,5863653
5844507,1,5863652
5844503,1,5863648
5844502,1,5863647
5843520,1,5863640
5843482,1,5863603
5843465,1,5863586
5842477,1,5863574
5842472,1,5863569
5842468,1,5863565
5842463,1,5863560
5842460,1,5863557
5842447,1,5863544
5842444,1,5863541
5842435,1,5863532
5842432,1,5863529
5842431,1,5863528
5842424,1,5863521
5842423,22,5863520
5842422,1,5863519
5842421,1,5863518
5858218,1,5863489
5858217,1,5863488
5858216,1,5863487
5858200,1,5863471
5858196,1,5863467
5856144,1,5863367
5856143,1,5863366
5855106,1,5863305
5855066,1,5863265
5854072,3,5863247
5854036,1,5863211
5854028,7,5863203
5853017,1,5863168
5853016,1,5863167
5848638,1,5862897
5848637,1,5862896
5847569,1,5862804
5845480,1,5862676
5844492,1,5862668
5844485,1,5862661
5844484,7,5862660
5844468,1,5862644
5844462,1,5862638
5844451,1,5862627
5843444,1,5862596
5843438,1,5862590
5843399,1,5862551
5842411,1,5862539
5842399,1,5862527
5842389,1,5862517
5842382,1,5862510
5842380,1,5862508
5843351,22,5861536
5843350,1,5861535
5843338,1,5861523
5843328,1,5861513
5842332,1,5861493
5842331,1,5861492
5842323,1,5861484
5842314,1,5861475
5842313,1,5861474
5842312,1,5861473
5842309,1,5861470
5857055,1,5861366
5857049,1,5861360
5856018,1,5861305
5856002,1,5861289
5856001,1,5861288
5854958,1,5861221
5854952,1,5861215
5853941,1,5861180
5853936,1,5861175
5853931,1,5861170
5852852,1,5861067
5852851,1,5861066
5846453,1,5860731
5846439,1,5860717
5846435,1,5860713
5846404,1,5860682
5844351,1,5860593
5844345,1,5860587
5844340,3,5860582
5844330,1,5860572
5844327,1,5860569
5844322,1,5860564
5844319,1,5860561
5844317,1,5860559
5844310,1,5860552
5844309,1,5860551
5843295,1,5860513
5843282,1,5860500
5842269,1,5860463
5842267,1,5860461
5842259,1,5860453
5842251,1,5860445
5858023,1,5860391
5858021,1,5860389
5858012,1,5860380
5858011,3,5860379
5855942,1,5860262
5855932,1,5860252
5854923,1,5860219
5854915,1,5860211
5853872,1,5860144
5853862,1,5860134
5852844,1,5860092
5852839,1,5860087
5852792,1,5860040
5851731,1,5859978
5847401,1,5859736
5846333,1,5859645
5846330,1,5859642
5845298,1,5859596
5844301,1,5859575
5844291,1,5859566
5844284,1,5859559
5844281,1,5859556
5844275,1,5859550
5844267,1,5859542
5844266,1,5859541
5844259,1,5859534
5844258,1,5859533
5844255,1,5859530
5844253,1,5859528
5844247,1,5859522
5843255,1,5859506
5843246,1,5859497
5843245,1,5859496
5843242,1,5859493
5844050,1,5856417
5844049,1,5856416
5844044,1,5856411
5844043,1,5856410
5843064,1,5856406
5843046,1,5856389
5843043,1,5856386
5843042,1,5856385
5843020,1,5856363
5858799,1,5856311
5857768,1,5856261
5857753,1,5856246
5857750,1,5856243
5857738,1,5856231
5857731,1,5856224
5857730,1,5856223
5856741,1,5856210
5855679,1,5856124
5855677,1,5856122
5854642,1,5856063
5854636,1,5856057
5854621,1,5856042
5852535,1,5855908
5850403,1,5855790
5848215,1,5855696
5847164,1,5855622
5847128,1,5855586
5846103,1,5855542
5846102,1,5855541
5846101,1,5855540
5846100,1,5855539
5846098,1,5855537
5846096,1,5855535
5846092,1,5855531
5845056,1,5855479
5845027,1,5855450
5844042,1,5855440
5844041,1,5855439
5844039,1,5855437
5844034,1,5855433
5844027,1,5855426
5844026,1,5855425
5844025,1,5855424
5844024,1,5855423
5860772,1,5839725
5837357,1,5817490
5835249,1,5817391
5836137,1,5815305
5837186,1,5814365
5836084,1,5814268
5836080,1,5814264
5836072,1,5814256
5836052,1,5813252
5836015,1,5813215
5835996,1,5812213
5835971,1,5812188
5835943,1,5812160
5836981,1,5811212
5836941,1,5811172
5835878,1,5811114
5836916,1,5810161
5835846,1,5810097
5835603,1,5806904
5836472,1,5803821
5844023,1,5855422
5844015,1,5855414
5844012,1,5855411
5844005,1,5855404
5843990,7,5855389
5843001,1,5855375
5842999,1,5855373
5842979,1,5855354
5842960,1,5855335
5842956,1,5855331
5842955,1,5855330
5842946,1,5855321
5842941,1,5855316
5842940,1,5855315
5857718,1,5855239
5857698,1,5855219
5857690,1,5855211
5857666,1,5855187
5857663,1,5855184
5856658,1,5855155
5856634,1,5855131
5856633,1,5855130
5856631,1,5855128
5855582,1,5855055
5854560,1,5855009
5853521,1,5854946
5852498,1,5854899
5852481,1,5854882
5848129,1,5854640
5848102,1,5854613
5847101,1,5854588
5846057,1,5854526
5846009,1,5854478
5846008,1,5854477
5844988,1,5854440
5844981,1,5854433
5844972,1,5854424
5843971,1,5854399
5843969,1,5854397
5843966,1,5854394
5843958,1,5854386
5842915,1,5854319
5842913,1,5854317
5842891,1,5854295
5842879,1,5854283
5842874,1,5854278
5858636,1,5854213
5857635,1,5854188
5856592,1,5854121
5855518,1,5854023
5853490,1,5853947
5853489,1,5853946
5853488,1,5853945
5853477,1,5853934
5849204,1,5853676
5865857,1,5853618
5865856,1,5853617
5865833,1,5853594
5864791,1,5853532
5864787,1,5853528
5864786,1,5853527
5864783,1,5853524
5864763,1,5853504
5864762,1,5853503
5864761,1,5853502
5864758,1,5853499
5864757,1,5853498
5861690,1,5853361
5861676,1,5853347
5861661,1,5853332
5860610,1,5853294
5866887,1,5852626
5866859,1,5852598
5859818,1,5841744
5842059,1,5841705
5842051,1,5841697
5842037,1,5841683
5842036,1,5841682
5867232,1,5841194
5867215,1,5841177
5867214,1,5841176
5867207,1,5841169
5867194,1,5841156
5867193,1,5841155
5867192,1,5841154
5866165,1,5841115
5865076,1,5841071
5865052,1,5841047
5865051,1,5841046
5860857,1,5840788
5867173,1,5840155
5867165,1,5840148
5867138,1,5840121
5867134,1,5840117
5867118,1,5840101
5867116,1,5840099
5867115,1,5840098
5866086,1,5840054
5865009,1,5840023
5865008,1,5840022
5864985,1,5839999
5864977,1,5839991
5864957,1,5839971
5860794,1,5839747
5860792,1,5839745
5867072,1,5839076
5866026,1,5839012
5866012,7,5838998
5866007,1,5838993
5864917,1,5838948
5867027,1,5838054
5867012,1,5838039
5867001,1,5838028
5866995,1,5838022
5866993,1,5838020
5866983,1,5838010
5864872,1,5837924
5865777,1,5852557
5864720,1,5852480
5864697,1,5852457
5864694,1,5852454
5860520,1,5852224
5859460,1,5852168
5866812,1,5851570
5865700,1,5851499
5860459,1,5851185
5860456,1,5851182
5864595,1,5850396
5864590,1,5850391
5864572,1,5850373
5864571,1,5850372
5864570,1,5850371
5861476,1,5850214
5860402,1,5850150
5860401,1,5850149
5866684,1,5849484
5866652,1,5849452
5865549,1,5849390
5864521,1,5849343
5864503,1,5849325
5860292,1,5849063
5866601,1,5848421
5864492,1,5848331
5864491,1,5848330
5864453,1,5848292
5864440,1,5848279
5860271,1,5848061
5860251,1,5848041
5859195,1,5847981
5866579,1,5847415
5866566,1,5847403
5865467,1,5847348
5865465,1,5847347
5865459,1,5847341
5865456,1,5847338
5865455,1,5847337
5865454,1,5847336
5865453,1,5847335
5865452,1,5847334
5865450,1,5847332
5865448,1,5847330
5864854,1,5837906
5861745,1,5837726
5861722,1,5837703
5860626,1,5837620
5865894,1,5836921
5865447,1,5847329
5865445,1,5847327
5865443,1,5847325
5865442,1,5847324
5865441,1,5847323
5865438,1,5847320
5865437,1,5847319
5865433,1,5847315
5865432,1,5847314
5865416,1,5847298
5865408,1,5847290
5865407,1,5847289
5864378,1,5847236
5861243,1,5847047
5860185,1,5846996
5866483,1,5846339
5866480,1,5846336
5866479,1,5846335
5866455,1,5846311
5866454,1,5846310
5865405,1,5846306
5865404,1,5846305
5865403,1,5846304
5865397,1,5846298
5865392,1,5846293
5865391,1,5846292
5865390,1,5846291
5865389,1,5846290
5865383,1,5846284
5865382,1,5846283
5865381,1,5846282
5865370,1,5846271
5865365,1,5846266
5865349,1,5846250
5865348,1,5846249
5864334,1,5846211
5861192,1,5846018
5859078,1,5845903
5867514,1,5845389
5867492,1,5845368
5866409,1,5845285
5866396,1,5845272
5865339,1,5845261
5860051,1,5844907
5858975,1,5844819
5866378,1,5844275
5866363,1,5844260
5866355,1,5844252
5865275,1,5844217
5865231,1,5844173
5865212,1,5844154
5864229,1,5844147
5864220,1,5844138
5864199,1,5844117
5864198,1,5844116
5864183,1,5844101
5861077,1,5843948
5859974,1,5843853
5866301,1,5843218
5864129,1,5843067
5860958,1,5842851
5859943,1,5842845
5859931,1,5842834
5859930,1,5842833
5867294,1,5842238
5867257,1,5842201
5867255,1,5842199
5867247,1,5842191
5866192,1,5842127
5865130,1,5842110
5865112,1,5842092
5865109,1,5842089
5859829,1,5841755
5859819,1,5841745
5835102,1,5815273
5837140,1,5814319
5835046,1,5814232
5835045,1,5814231
5835029,1,5814215
5835023,1,5814209
5835019,1,5814205
5837122,1,5813316
5837121,1,5813315
5837104,1,5813298
5837103,1,5813297
5837101,1,5813295
5837100,1,5813294
5837099,1,5813293
5836046,1,5813246
5834989,1,5813190
5838123,1,5812326
5837069,1,5812280
5835962,1,5812179
5835946,1,5812163
5831686,1,5811897
5836993,1,5811224
5836952,1,5811183
5836951,1,5811182
5835905,1,5811141
5838001,1,5810238
5836924,1,5810169
5836917,1,5810162
5835827,1,5810078
5835815,1,5810066
5835814,1,5810065
5840050,1,5809291
5837892,1,5809145
5836841,1,5809102
5836840,1,5809101
5835781,1,5809047
5835780,1,5809046
5835762,1,5809028
5835759,1,5809025
5835758,1,5809024
5835750,1,5809016
5835734,1,5809000
5832551,1,5808822
5836740,1,5808019
5835713,1,5807997
5835676,1,5807960
5835673,1,5807957
5835669,1,5807953
5835667,1,5807951
5830436,1,5807655
5838864,1,5807146
5836688,1,5806984
5836672,1,5806968
5835643,2,5806944
5835634,1,5806935
5841990,8,5806275
5836641,1,5805953
5836638,1,5805950
5835596,1,5805912
5835584,1,5805901
5835583,1,5805900
5837670,1,5804993
5836566,1,5804897
5836565,1,5804896
5836549,1,5804880
5833376,1,5804711
5830210,1,5804480
5838622,1,5803957
5836529,1,5803877
5836473,1,5803822
5835415,1,5803769
5835414,1,5803768
5835413,1,5803767
5833328,1,5803681
5831871,1,6037504
5854224,1,5866308
5852946,1,5862128
5853513,1,5854938
5863594,1,5851351
5863323,1,5846176
5859959,1,5843838
5863925,1,5839916
5861883,1,5839826
5832183,1,5819288
5832179,1,5819284
5832178,1,5819283
5831185,1,5819223
5833189,1,5818314
5832121,1,5818241
5832115,1,5818235
5836181,1,5815349
5831803,1,5812998
5830566,1,5809748
5830565,1,5809747
5830514,1,5808715
5831467,1,5807747
5831451,1,5807731
5831450,1,5807730
5835569,1,5805886
5832216,1,5803566
5849130,1,5870144
5848043,1,5870058
5845991,1,5869965
5843893,1,5869826
5855396,1,5868439
5855395,1,5868438
5849014,1,5868099
5849000,1,5868086
5848955,1,5868041
5845850,1,5867889
5844782,1,5867804
5842706,1,5867680
5843687,1,5866717
5853186,1,5866246
5848813,1,5865971
5856277,1,5865441
5853145,1,5865237
5853123,1,5865215
5848771,1,5864964
5846686,1,5864836
5856187,1,5864381
5854093,1,5864239
5849887,1,5864014
5848733,1,5863958
5848715,1,5863941
5857146,1,5863393
5857142,1,5863389
5854081,1,5863255
5854080,1,5863254
5849786,1,5862946
5848648,1,5862907
5858172,1,5862474
5852974,1,5862156
5852961,1,5862143
5851902,1,5862081
5849740,1,5861936
5854949,1,5861212
5851828,1,5861041
5849681,1,5860913
5849638,1,5860870
5848525,1,5860851
5846461,1,5860738
5846430,1,5860708
5846343,1,5859655
5845323,1,5859621
5842187,1,5859414
5857958,1,5859358
5857761,1,5856254
5857741,1,5856234
5849333,1,5855738
5849316,1,5855721
5847170,1,5855628
5847169,1,5855627
5846129,1,5855567
5846104,1,5855543
5846079,1,5855518
5846071,1,5855510
5846067,1,5855506
5857721,1,5855241
5857671,1,5855192
5857670,1,5855191
5853526,1,5854951
5853525,1,5854950
5849252,1,5854690
5849225,1,5854663
5847096,1,5854583
5846053,1,5854522
5846044,1,5854513
5846041,1,5854510
5846026,1,5854495
5865845,1,5853606
5865817,1,5853578
5865815,1,5853576
5859485,1,5853175
5866903,1,5852641
5866864,1,5852603
5866863,1,5852602
5866860,1,5852599
5865797,1,5852576
5865784,1,5852564
5865762,1,5852542
5865761,1,5852541
5865750,1,5852530
5865741,1,5852521
5865737,1,5852517
5859448,1,5852156
5866819,1,5851577
5866810,1,5851568
5866802,1,5851560
5866799,1,5851557
5866798,1,5851556
5866783,1,5851541
5865724,1,5851523
5865723,1,5851522
5865702,1,5851501
5865677,1,5851476
5861531,1,5851246
5861511,1,5851226
5859374,1,5851102
5866765,1,5850543
5866764,1,5850542
5866712,1,5850490
5865654,1,5850473
5865652,1,5850471
5865638,1,5850457
5865631,1,5850450
5865626,1,5850445
5861494,1,5850231
5866667,1,5849467
5865603,1,5849443
5859250,1,5849019
5866296,1,5843213
5866257,1,5843174
5861021,1,5842913
5860976,1,5842869
5859936,1,5842839
5859908,1,5842811
5866250,1,5842185
5866229,1,5842164
5866228,1,5842163
5860924,1,5841837
5866136,1,5841086
5866133,1,5841083
5866095,1,5840063
5866090,1,5840058
5866069,1,5840037
5866064,1,5840032
5866048,1,5839034
5866042,1,5839028
5866027,1,5839013
5866020,1,5839006
5859660,1,5838641
5865990,1,5837996
5865989,1,5837995
5865973,1,5837979
5859565,1,5837567
5859558,1,5837560
5866929,1,5836980
5866928,1,5836979
5865924,1,5836951
5865916,1,5836943
5865913,1,5836940
5865903,1,5836930
5865897,1,5836924
5865883,1,5836910
5841793,1,5819870
5839645,1,5819732
5835375,1,5819485
5833235,1,5819344
5832161,1,5819266
5839594,1,5818696
5836398,1,5818518
5836384,1,5818505
5835322,1,5818447
5835321,1,5818446
5835289,1,5818414
5835288,1,5818413
5835283,1,5818408
5835282,1,5818407
5835281,1,5818406
5835277,1,5818402
5833182,1,5818307
5833127,1,5817269
5833116,1,5817258
5833051,1,5816209
5833043,1,5816201
5831957,1,5816108
5831956,1,5816107
5832969,1,5815141
5831877,1,5815041
5837169,1,5814348
5837168,1,5814347
5836077,1,5814261
5831851,1,5814031
5837126,1,5813320
5832820,1,5813025
5832811,1,5813016
5837065,1,5812276
5836018,1,5813218
5832593,1,5808864
5832590,1,5808861
5832567,1,5808838
5832566,1,5808837
5832565,1,5808836
5832564,1,5808835
5832534,1,5808805
5835723,1,5808007
5835684,1,5807968
5835675,1,5807959
5836678,1,5806974
5835662,1,5806962
5835661,1,5806961
5832430,1,5806731
5832414,1,5806715
5836630,1,5805942
5835595,1,5805911
5832365,1,5805682
5832364,1,5805681
5839782,1,5805093
5836600,1,5804930
5836576,1,5804907
5836541,1,5804872
5836540,1,5804871
5832288,1,5804621
5841875,1,5804195
5836522,1,5803871
5835445,1,5803799
5835444,1,5803798
5835443,1,5803797
5835432,1,5803786
5835431,1,5803785
5835416,1,5803770
5856908,1,5859284
5856882,1,5859258
5854856,1,5859184
5851708,1,5858988
5849526,1,5858830
5849498,1,5858802
5845256,1,5858587
5845235,1,5858566
5845226,1,5858557
5842126,1,5858386
5857866,1,5858298
5847277,1,5857674
5846202,1,5857578
5846200,1,5857576
5853683,1,5857048
5852620,1,5856961
5849426,1,5856795
5849392,1,5856761
5849381,1,5856750
5846178,1,5856584
5846138,1,5856544
5846132,1,5856538
5858780,1,5856292
5858779,1,5856291
5866575,1,5847412
5866554,1,5847391
5866545,1,5847382
5859159,1,5846963
5866459,1,5846315
5866437,1,5845313
5866417,1,5845293
5866408,1,5845284
5860028,1,5844884
5866380,1,5844277
5866366,1,5844263
5866365,1,5844262
5866360,1,5844257
5866358,1,5844255
5866347,1,5844244
5861026,1,5843897
5860004,1,5843883
5858921,1,5843784
5858920,1,5843783
5835988,1,5812205
5835987,1,5812204
5835986,1,5812203
5832796,1,5812017
5832758,1,5811980
5831695,1,5811906
5840173,1,5811383
5835926,1,5811161
5832679,1,5810918
5831640,1,5810867
5836932,1,5810177
5836931,1,5810176
5836913,1,5810158
5836912,1,5810157
5836891,1,5810136
5836890,1,5810135
5836887,1,5810132
5832653,1,5809908
5832629,1,5809884
5836864,1,5809124
5836863,1,5809123
5832596,1,5808867
5832595,1,5808866
5832594,1,5808865
5865796,1,6044476
5859415,1,6044450
5835524,1,6043900
5844818,1,6038650
5848869,1,6038084
5833064,1,6038014
5858762,1,6044993
5849213,1,6044964
5849902,1,6037583
5852975,1,6037552
5844428,1,6037073
5846326,1,6036556
5830618,1,5810785
5831594,1,5809837
5831565,1,5809808
5831563,1,5809806
5831558,1,5809801
5830594,1,5809776
5830591,1,5809773
5830590,1,5809772
5830574,1,5809756
5830573,1,5809755
5831541,1,5808802
5831533,1,5808795
5831532,1,5808794
5831526,1,5808788
5831508,1,5808770
5831507,1,5808769
5831502,1,5808764
5830528,1,5808729
5830519,1,5808720
5830480,1,5808681
5831466,1,5807746
5831460,1,5807740
5831454,1,5807734
5831443,1,5807723
5831428,1,5807708
5830460,1,5807679
5830452,1,5807671
5830447,1,5807666
5830445,1,5807664
5830444,1,5807663
5830443,1,5807662
5831398,1,5806694
5831359,1,5806655
5831336,1,5805650
5831314,1,5805628
5831302,1,5805616
5831264,1,5804595
5831263,1,5804594
5831260,1,5804591
5831257,1,5804588
5831256,1,5804587
5831255,1,5804586
5831251,1,5804582
5830737,1,5811887
5841293,1,5811496
5841242,1,5811446
5838066,1,5811288
5836964,1,5811195
5834844,1,5811081
5834827,1,5811064
5833786,1,5811020
5832726,1,5810964
5832689,1,5810928
5831666,1,5810893
5830642,1,5810809
5830641,1,5810808
5841204,1,5810423
5839070,1,5810301
5839065,1,5810296
5838000,1,5810237
5837986,1,5810223
5837969,1,5810206
5837968,1,5810205
5837967,1,5810204
5837957,1,5810194
5834781,1,5810033
5833705,1,5809955
5833701,1,5809951
5832646,1,5809901
5830586,1,5809768
5830584,1,5809766
5830583,1,5809765
5830540,1,5809722
5841138,1,5809373
5840067,1,5809308
5839009,1,5809256
5839008,1,5809255
5838972,1,5809219
5838971,1,5809218
5838970,1,5809217
5837895,1,5809148
5837880,1,5809133
5834718,1,5808986
5834707,1,5808975
5834700,1,5808968
5831527,1,5808789
5830518,1,5808719
5830479,1,5808680
5830473,1,5808674
5841071,1,5808324
5841031,1,5808284
5837872,1,5808143
5837869,1,5808140
5837837,1,5808108
5837832,1,5808103
5837828,1,5808099
5837827,1,5808098
5837825,1,5808096
5834661,1,5807947
5833593,1,5807877
5832527,1,5807814
5832524,1,5807811
5831427,1,5807707
5830465,1,5807684
5830425,1,5807644
5830424,1,5807643
5840990,1,5807260
5840986,1,5807256
5840985,1,5807255
5840979,1,5807249
5837809,1,5807096
5837804,1,5807092
5837776,1,5807064
5834562,1,5806865
5831387,1,5806683
5831386,1,5806682
5830403,1,5806637
5842018,1,5806303
5842017,1,5806302
5842016,1,5806301
5842014,1,5806299
5842013,1,5806298
5842012,1,5806297
5841995,1,5806280
5841987,1,5806272
5841986,1,5806271
5841774,1,5819851
5840726,1,5819807
5839670,1,5819757
5839624,1,5819711
5838573,3,5819666
5836409,1,5819514
5834314,1,5819425
5834310,1,5819421
5834297,1,5819408
5834280,1,5819391
5834279,1,5819390
5832174,1,5819279
5830155,1,5819132
5841755,1,5818846
5841728,1,5818819
5841715,1,5818806
5841709,1,5818800
5841708,1,5818799
5841707,1,5818798
5840676,1,5818772
5840675,1,5818771
5840669,1,5818765
5839573,1,5818675
5838499,1,5818607
5834244,1,5818370
5834243,1,5818369
5834239,1,5818365
5834238,1,5818364
5834237,1,5818363
5834236,1,5818362
5834235,1,5818361
5834234,1,5818360
5834233,1,5818359
5834232,1,5818358
5834231,1,5818357
5834218,1,5818344
5834209,1,5818335
5832119,1,5818239
5832098,1,5818218
5832086,1,5818206
5832081,1,5818201
5832080,1,5818200
5830130,1,5818123
5841683,1,5817789
5841673,1,5817779
5841672,1,5817778
5841649,1,5817755
5841646,1,5817752
5841637,1,5817743
5840577,1,5817689
5840576,1,5817688
5839543,1,5817661
5839537,1,5817655
5839531,1,5817649
5839485,1,5817603
5837398,1,5817531
5834184,1,5817326
5833084,1,5817226
5831068,1,5817139
5831042,1,5817113
5841578,1,5816700
5841562,1,5816684
5840513,1,5816641
5840512,1,5816640
5839472,1,5816606
5839422,1,5816556
5838387,1,5816527
5833047,1,5816205
5841981,1,5806266
5841972,1,5806257
5840934,1,5806220
5832007,1,5816157
5832002,1,5816153
5831970,1,5816121
5830999,1,5816086
5841811,1,5819888
5841804,1,5819881
5841802,1,5819879
5841791,1,5819868
5841786,1,5819863
5841785,1,5819862
5841776,1,5819853
5841775,1,5819852
5840452,1,5815594
5839412,1,5815560
5839407,1,5815555
5839396,1,5815544
5839390,1,5815538
5838331,1,5815485
5838326,1,5815480
5838325,1,5815479
5838297,1,5815451
5838283,1,5815437
5838282,1,5815436
5837256,1,5815419
5837206,1,5815369
5837205,1,5815368
5834057,1,5815227
5834014,1,5815184
5834012,1,5815182
5832987,1,5815159
5840420,1,5814576
5840401,1,5814558
5839346,1,5814509
5839339,1,5814502
5839289,1,5814452
5838259,1,5814428
5838258,1,5814427
5838246,1,5814415
5838237,1,5814406
5838235,1,5814404
5838219,1,5814388
5838218,1,5814387
5838217,1,5814386
5835040,1,5814226
5834000,1,5814184
5831817,1,5813997
5840333,1,5813506
5839219,1,5813398
5838187,1,5813372
5838157,1,5813342
5838145,1,5813330
5833928,1,5813128
5833905,1,5813105
5833904,1,5813104
5833903,1,5813103
5833902,1,5813102
5832825,1,5813030
5832821,1,5813026
5830800,1,5812934
5830795,1,5812929
5839200,1,5812397
5839199,1,5812396
5839186,1,5812383
5839170,1,5812367
5838101,1,5812304
5837045,1,5812257
5837044,1,5812256
5835983,1,5812200
5833859,1,5812075
5833856,1,5812072
5833846,1,5812062
5833843,1,5812059
5833842,1,5812058
5833826,1,5812042
5833818,1,5812034
5831725,1,5811936
5844952,1,5869908
5844951,1,5869907
5844919,1,5869876
5844918,3,5869875
5843892,1,5869825
5843888,1,5869821
5843884,1,5869817
5843870,1,5869803
5843859,1,5869792
5843854,1,5869787
5843852,1,5869785
5842870,1,5869778
5842865,1,5869774
5842864,1,5869773
5842861,1,5869770
5842860,1,5869769
5842859,1,5869768
5842855,1,5869764
5842854,1,5869763
5842835,1,5869744
5858614,1,5869697
5858586,1,5869669
5857571,1,5869630
5856533,1,5869568
5856532,1,5869567
5856517,1,5869552
5854440,1,5869427
5854422,1,5869409
5850230,1,5869191
5849063,1,5869112
5847995,1,5869042
5844877,1,5868866
5844875,1,5868864
5831339,1,6043915
5844871,1,5868860
5844870,1,5868859
5840931,1,5806217
5839831,1,5806123
5838795,1,5806093
5838791,1,5806089
5838778,1,5806076
5837709,1,5806013
5837708,1,5806012
5837681,1,5805985
5837679,1,5805983
5834512,1,5805833
5834503,1,5805824
5834491,1,5805812
5834490,1,5805811
5834488,1,5805809
5834472,1,5805793
5833456,1,5805773
5832368,1,5805685
5830321,1,5805574
5830312,1,5805565
5830310,1,5805563
5830307,1,5805560
5830299,1,5805552
5841945,1,5805248
5841934,1,5805237
5841931,1,5805234
5841918,1,5805221
5841917,1,5805220
5841915,1,5805218
5841899,1,5805202
5840848,1,5805153
5840846,1,5805151
5840845,1,5805150
5840836,1,5805141
5839795,1,5805106
5839763,1,5805074
5839755,1,5805066
5838747,1,5805063
5838746,1,5805062
5838722,1,5805039
5838711,1,5805028
5838702,1,5805019
5838693,1,5805010
5838691,1,5805008
5837623,1,5804946
5837619,1,5804942
5834461,1,5804799
5834442,1,5804781
5834429,1,5804768
5834428,1,5804767
5834425,1,5804764
5834421,1,5804760
5834419,1,5804758
5834403,1,5804742
5834399,1,5804738
5833366,1,5804701
5832289,1,5804622
5831269,1,5804600
5831224,1,5804555
5830241,1,5804511
5830240,1,5804510
5830239,1,5804509
5830229,1,5804499
5841892,1,5804211
5841890,1,5804209
5841884,1,5804204
5841861,1,5804181
5841860,1,5804180
5841834,1,5804154
5841833,1,5804153
5839742,1,5804071
5839737,1,5804066
5839736,1,5804065
5839735,1,5804064
5839732,1,5804061
5839718,1,5804047
5839713,1,5804042
5839704,1,5804033
5839702,1,5804031
5839690,1,5804019
5838618,3,5803953
5838617,1,5803952
5837604,1,5803945
5837601,1,5803942
5837600,1,5803941
5837599,1,5803940
5837598,1,5803939
5837589,1,5803930
5837586,1,5803927
5837558,1,5803899
5834382,1,5803738
5834377,1,5803733
5834365,1,5803721
5834357,1,5803713
5833333,1,5803685
5832270,1,5803619
5832210,1,5803560
5844868,1,5868857
5844866,1,5868855
5844851,1,5868840
5844843,1,5868832
5844829,1,5868818
5843840,1,5868805
5843837,1,5868802
5843827,7,5868792
5843824,1,5868789
5843823,1,5868788
5843814,7,5868779
5843811,1,5868776
5843795,1,5868760
5843790,1,5868755
5842784,1,5868725
5842762,1,5868703
5842755,1,5868696
5842753,1,5868694
5842747,1,5868688
5857526,1,5868616
5856483,1,5868550
5856427,1,5868494
5855392,1,5868435
5854409,1,5868427
5854368,1,5868387
5854363,1,5868382
5853352,1,5868347
5853315,1,5868310
5853314,1,5868309
5848963,1,5868049
5845863,1,5867902
5844805,1,5867827
5844804,1,5867826
5844797,1,5867819
5844783,1,5867805
5844780,1,5867802
5844762,1,5867784
5844758,1,5867780
5843774,1,5867772
5843766,1,5867764
5843759,1,5867757
5843754,1,5867752
5843748,1,5867746
5843738,1,5867736
5843720,1,5867718
5842741,1,5867714
5842737,1,5867711
5842734,1,5867708
5842709,1,5867683
5842690,1,5867664
5842682,7,5867656
5858462,1,5867610
5857464,1,5867587
5857463,1,5867586
5857459,1,5867583
5857454,1,5867578
5856398,1,5867498
5853294,1,5867322
5853270,1,5867298
5853260,1,5867288
5850083,1,5867112
5850082,1,5867111
5850081,1,5867110
5850080,1,5867109
5850077,1,5867106
5850076,1,5867105
5850075,1,5867104
5850074,2,5867103
5848925,1,5867047
5847836,1,5866948
5845770,1,5866841
5844735,1,5866789
5844713,1,5866767
5843710,1,5866740
5843709,1,5866739
5843701,1,5866731
5843699,1,5866729
5843685,1,5866715
5843664,1,5866694
5842677,1,5866682
5842672,1,5866678
5842661,1,5866667
5842655,1,5866661
5842648,1,5866654
5842647,1,5866653
5842646,1,5866652
5842641,1,5866647
5842631,1,5866637
5842630,1,5866636
5842629,1,5866635
5857396,1,5866551
5856326,1,5866458
5856323,1,5866455
5855302,1,5866410
5855267,1,5866375
5854271,1,5866355
5854237,1,5866321
5853204,1,5866264
5853175,1,5866235
5850018,1,5866080
5850017,1,5866079
5847762,1,5865906
5845696,1,5865799
5844677,1,5865763
5844673,1,5865759
5844671,1,5865757
5844663,1,5865749
5844661,1,5865747
5844647,1,5865733
5844640,1,5865726
5844639,1,5865725
5844638,1,5865724
5844635,1,5865721
5843652,1,5865713
5843647,1,5865709
5843646,1,5865708
5843643,1,5865705
5843638,1,5865700
5843633,1,5865695
5843630,1,5865692
5862024,1,6042401
5857706,1,5855227
5863716,1,5853434
5863715,1,5852451
5863616,1,5851373
5863495,1,5849293
5863494,1,5849292
5863483,1,5849281
5838384,1,5816524
5842802,1,5868743
5858555,1,5868670
5846699,1,5864849
5851931,1,5863077
5848629,1,5862888
5848617,1,5862876
5851871,1,5862050
5845456,1,5861686
5845455,1,5861685
5851764,1,5860011
5860620,1,5853303
5860565,1,5853249
5866748,1,5850526
5864596,1,5850397
5834121,1,5816278
5839353,1,5815501
5839303,1,5814466
5839182,1,5812379
5839181,1,5812378
5840952,1,5806238
5840922,1,5806208
5838799,1,5806097
5838703,1,5805020
5840766,1,5804089
5838624,1,5803959
5838342,1,6037531
5863448,1,5848263
5862293,1,5847103
5862107,1,5843977
5862106,1,5843976
5843941,1,5854369
5831968,1,5816119
5831967,1,5816118
5830344,1,5806579
5830343,1,5806578
5860489,1,5852193
5851853,1,5862032
5831982,1,5816133
5848757,1,5864950
5840054,1,5809295
5867382,1,6042894
5846501,1,5861745
5842339,1,5861500
5842306,1,5861467
5853915,1,5861154
5849678,1,5860910
5849597,1,5859866
5857956,1,5859356
5867464,1,5845340
5867395,1,5844295
5866909,1,5836960
5837208,1,5815371
5852125,1,5866170
5855216,1,5865356
5857110,1,5862388
5849683,1,5860915
5855833,1,5858217
5852673,1,5857985
5855626,1,5855099
5866513,1,5846368
5867380,1,5843302
5843894,1,5869827
5845919,1,5868925
5842756,1,5868697
5852241,1,5867251
5842665,1,5866671
5852127,1,5866172
5842586,1,5865624
5843535,1,5864627
5852027,8,5864140
5852006,1,5864119
5852005,1,5864118
5846553,1,5862763
5844472,1,5862648
5843456,1,5862607
5854936,1,5861199
5856973,1,5860317
5843212,1,5859463
5844078,1,5856445
5844002,1,5855401
5843997,1,5855396
5856660,1,5855157
5860111,1,5845944
5867279,1,5842223
5860684,1,5837677
5841801,1,5819878
5841787,1,5819864
5835329,1,5818454
5837346,1,5817479
5830982,1,5816069
5838304,1,5815458
5837252,1,5815415
5830893,1,5814994
5841326,1,5812511
5832774,1,5811996
5832699,1,5810938
5830580,1,5809762
5837894,1,5809147
5836813,1,5809074
5841029,1,5808282
5830464,1,5807683
5830463,1,5807682
5861710,1,5837691
5841330,1,5812515
5841292,1,5811495
5838810,1,5806108
5838615,1,5803950
5837054,1,5812266
5839851,1,5806143
5839797,1,5805108
5836488,1,5803837
5856404,1,5867504
5867307,1,5842250
5860915,1,5841828
5859847,1,5841773
5867206,1,5841168
5867069,1,5839073
5867068,1,5839072
5860753,1,5838723
5860752,1,5838722
5860751,1,5838721
5860682,1,5837675
5839642,1,5819729
5832190,1,5819295
5841738,1,5818829
5841705,1,5818796
5840624,1,5818720
5838506,1,5818614
5838504,1,5818612
5835290,1,5818415
5838478,1,5817601
5838474,1,5817597
5838470,1,5817594
5838468,1,5817592
5838466,1,5817590
5838464,1,5817588
5838461,1,5817585
5838459,1,5817583
5838457,1,5817581
5838455,1,5817579
5838453,1,5817577
5838451,1,5817575
5838449,1,5817573
5838447,1,5817571
5838443,1,5817567
5838440,1,5817564
5838438,1,5817562
5838436,1,5817560
5838434,1,5817558
5838432,1,5817556
5838430,1,5817554
5838428,1,5817552
5838426,1,5817550
5838424,1,5817548
5838422,1,5817546
5838420,1,5817544
5838418,1,5817542
5838413,1,5817537
5836330,1,5817467
5835219,1,5817361
5840529,1,5816657
5838411,1,5816550
5838409,1,5816548
5838407,1,5816547
5838405,1,5816545
5838398,1,5816538
5836243,1,5816397
5836226,1,5816380
5835156,1,5816314
5841536,1,5815672
5838303,1,5815457
5838289,1,5815443
5830900,1,5815001
5841442,1,5814593
5841441,1,5814592
5840416,1,5814573
5837137,1,5814316
5836094,1,5814278
5836093,1,5814277
5836091,1,5814275
5841424,1,5813590
5841404,1,5813571
5841403,1,5813570
5841402,1,5813569
5840337,1,5813510
5840336,1,5813509
5838163,1,5813348
5836014,1,5813214
5836013,1,5813213
5841353,1,5812538
5839129,1,5811345
5836988,1,5811219
5836987,1,5811218
5831632,1,5810859
5840103,1,5810328
5840096,1,5810321
5837975,1,5810212
5834693,1,5808961
5833605,1,5808871
5832592,1,5808863
5832571,1,5808842
5832570,1,5808841
5832569,1,5808840
5836762,1,5808041
5832508,1,5807795
5831442,1,5807722
5837775,1,5807063
5836690,1,5806986
5835638,1,5806939
5840926,1,5806212
5832370,1,5805687
5832369,1,5805686
5832357,1,5805674
5839787,1,5805098
5832327,1,5804660
5832326,1,5804659
5832325,1,5804658
5832321,1,5804654
5840815,1,5804138
5838629,1,5803964
5839166,1,5812363
5834915,1,5812133
5834914,1,5812132
5834913,1,5812131
5834912,1,5812130
5834908,1,5812126
5834907,1,5812125
5832775,1,5811997
5832744,1,5811966
5832742,1,5811964
5830734,1,5811885
5861474,1,5850212
5862403,1,5848194
5835220,1,5817362
5835218,1,5817360
5836026,1,5813226
5830355,1,5806590
5832395,1,5805712
5866186,1,6042386
5849054,1,5869103
5849018,1,5868102
5845692,1,5865795
5858293,1,5864535
5854049,1,5863224
5845258,1,5858589
5845242,1,5858573
5846211,1,5857587
5847207,1,5856633
5849329,1,5855734
5857724,1,5855244
5865847,1,5853608
5865828,1,5853589
5866856,1,5852595
5866837,1,5851594
5866781,1,5851539
5865711,1,5851510
5866775,1,5850552
5865629,1,5850448
5866564,1,5847401
5866510,1,5846366
5866394,1,5845270
5861073,1,5843944
5861036,1,5843907
5858928,1,5843791
5866001,1,5838987
5866000,1,5838986
5865983,1,5837989
5836256,1,5816410
5837133,1,5813327
5832625,1,5809880
5836835,1,5809096
5836815,1,5809076
5832477,1,5807764
5832476,1,5807763
5836708,1,5807004
5832433,1,5806734
5839778,1,5805089
5861114,1,5844963
5861037,1,5843908
5861008,1,5842901
5859923,1,5842826
5859922,1,5842825
5859921,1,5842824
5859890,1,5842793
5858849,1,5842732
5860934,1,5841847
5859825,1,5841751
5859820,1,5841746
5859601,1,5837603
5866953,1,5837004
5866948,1,5836999
5866947,1,5836998
5865881,1,5836908
5836464,1,5819568
5836407,1,5819512
5835394,1,5819503
5833251,1,5819360
5839587,1,5818689
5835300,1,5818425
5833176,1,5818301
5833141,1,5818266
5833103,1,5817245
5833073,1,5817215
5839459,1,5816593
5836255,1,5816409
5836203,1,5816357
5836190,1,5815358
5836189,1,5815357
5836188,1,5815356
5836187,1,5815355
5836096,1,5814280
5836095,1,5814279
5838113,1,5812316
5839084,1,5811300
5833351,1,5804686
5833350,1,5804685
5835436,1,5803790
5835435,1,5803789
5833325,1,5803678
5833270,1,5803623
5866148,1,5841098
5836918,1,5810163
5836837,1,5809098
5834727,1,5808995
5834666,1,5808934
5832548,1,5808819
5838856,1,5807138
5832409,1,5806710
5832397,1,5805714
5832396,1,5805713
5832392,1,5805709
5839777,1,5805088
5839776,1,5805087
5849281,1,6044982
5835666,1,6044412
5835398,1,6038608
5836995,1,6036984
5861885,1,5839828
5861868,1,5839811
5861867,1,5839810
5861853,1,5839796
5861848,1,5839791
5861847,1,5839790
5861844,1,5839787
5861841,1,5839784
5861839,1,5839782
5861838,1,5839781
5861832,1,5839775
5863908,1,5838915
5863903,1,5838910
5863894,1,5838901
5863893,1,5838900
5863881,1,5838888
5863874,1,5838881
5862863,1,5838846
5833651,1,5808917
5830476,1,5808677
5831456,1,5807736
5831441,1,5807721
5830462,1,5807681
5830439,1,5807658
5831363,1,5806659
5830383,1,5806618
5830341,1,5806576
5830316,1,5805569
5830280,1,5805533
5830261,1,5804531
5862853,1,5838836
5862845,1,5838828
5862842,1,5838825
5862823,1,5838806
5862818,1,5838801
5862809,1,5838792
5861824,1,5838783
5861823,1,5838782
5861819,1,5838778
5861818,1,5838777
5861810,1,5838769
5861809,1,5838768
5861808,1,5838767
5861807,1,5838766
5861806,1,5838765
5861804,1,5838763
5861780,1,5838739
5861777,1,5838736
5861773,1,5838732
5861772,1,5838731
5861771,1,5838730
5861768,1,5838727
5863842,1,5837871
5863841,1,5837870
5863837,1,5837866
5863832,1,5837861
5863796,1,5837825
5862790,1,5837795
5862789,1,5837794
5862788,1,5837793
5862782,1,5837787
5862774,1,5837779
5862769,1,5837774
5862765,1,5837770
5862758,1,5837763
5862747,1,5837752
5862744,1,5837749
5861749,1,5837730
5861747,1,5837728
5861746,1,5837727
5859604,1,5837606
5831164,1,5819202
5831159,1,5819197
5831131,1,5818185
5831077,1,5818131
5831009,1,5817080
5836237,1,5816391
5831006,1,5816092
5830927,1,5815028
5830899,1,5815000
5830887,1,5814988
5830883,1,5814984
5830882,1,5814983
5830802,1,5812936
5830792,1,5812926
5836980,1,5811211
5830619,1,5810786
5830610,1,5810777
5831608,1,5809850
5845856,1,5867895
5840987,1,5807257
5840722,1,5819803
5834319,1,5819430
5838527,1,5818635
5838391,1,5816531
5834102,1,5816259
5838295,1,5815449
5838293,1,5815447
5838292,1,5815446
5836164,1,5815332
5830880,1,5814981
5839333,1,5814496
5839304,1,5814467
5839245,1,5813424
5840273,1,5812464
5839156,1,5812353
5838015,1,5811237
5838006,1,5810243
5837958,1,5810195
5836882,1,5810127
5838959,7,5809206
5838959,8,6060790
5838953,1,5809200
5837932,1,5809185
5841027,1,5808280
5837859,1,5808130
5837853,1,5808124
5839846,1,5806138
5833448,1,5805765
5831300,1,5805614
5834436,1,5804775
5837567,1,5803908
5832246,1,5803596
5838473,1,6038040
5838408,1,6038021
5838878,1,6044416
5860888,1,5840818
5836450,1,5819555
5861167,1,5845993
5856550,1,6038679
5856772,1,5857209
5864647,1,5851428
5864448,1,5848287
5848050,1,5870065
5843897,1,5869830
5843896,1,5869829
5858628,1,5869711
5857543,1,5869602
5857532,1,5869591
5850159,1,5868154
5848960,1,5868046
5845811,1,5867850
5845810,1,5867849
5854242,1,5866326
5846779,1,5865898
5845658,1,5864792
5855129,1,5864299
5847654,1,5863858
5848620,1,5862879
5846534,1,5862744
5857094,1,5862372
5857085,1,5862363
5857079,1,5862357
5856067,1,5862321
5847468,1,5860770
5843644,1,5865706
5856888,1,5859264
5855830,1,5858214
5854423,1,5869410
5856440,1,5868507
5854090,1,5864236
5857121,1,5862399
5858042,1,5860410
5855672,1,5856117
5837016,1,5812228
5854097,1,5864243
5831857,1,5814037
5831744,1,5811954
5838922,1,5808187
5835622,1,5806923
5835507,1,5804843
5835437,1,5803791
5855915,1,5860235
5855906,1,5860226
5847316,1,5858683
5843194,1,5858476
5843149,1,5858432
5843123,1,5857437
5843041,1,5856384
5843991,1,5855390
5857682,1,5855203
5857681,1,5855202
5857680,1,5855201
5853464,1,5853921
5866789,1,5851547
5866711,1,5849510
5860328,1,5849099
5867480,1,5845356
5864161,1,5843099
5856117,1,5863340
5840270,1,5812461
5836601,1,5804931
5859846,1,5841772
5863977,1,5840949
5866009,1,5838995
5863816,1,5837845
5861716,1,5837697
5838505,1,5818613
5835280,1,5818405
5832127,1,5818247
5840585,1,5817697
5838479,1,5817602
5838475,1,5817598
5838471,1,5817595
5838469,1,5817593
5838467,1,5817591
5838465,1,5817589
5838462,1,5817586
5838460,1,5817584
5838458,1,5817582
5838456,1,5817580
5838454,1,5817578
5838452,1,5817576
5838450,1,5817574
5838448,1,5817572
5838444,1,5817568
5838441,1,5817565
5838439,1,5817563
5838437,1,5817561
5838435,1,5817559
5838433,1,5817557
5838431,1,5817555
5838429,1,5817553
5838427,1,5817551
5838425,1,5817549
5838423,1,5817547
5838421,1,5817545
5838419,1,5817543
5838414,1,5817538
5835217,1,5817359
5838412,1,5816551
5838410,1,5816549
5838406,1,5816546
5838399,1,5816539
5835154,1,5816312
5838302,1,5815456
5838288,1,5815442
5836198,1,5815365
5836197,1,5815364
5832949,1,5815121
5832948,1,5815120
5832947,1,5815119
5841453,1,5814604
5839348,1,5814510
5840242,1,5812433
5839192,1,5812389
5835936,1,5812153
5832700,1,5810939
5830569,1,5809751
5840069,1,5809310
5837897,1,5809150
5837896,1,5809149
5832568,1,5808839
5832552,1,5808823
5841041,1,5808294
5839927,1,5807203
5835654,1,5806955
5834547,1,5806850
5837703,1,5806007
5837702,1,5806006
5837701,1,5806005
5837700,1,5806004
5837699,1,5806003
5836665,1,5805976
5836648,1,5805960
5836647,1,5805959
5832391,1,5805708
5832358,1,5805675
5839788,1,5805099
5849023,1,5869072
5848880,1,5866036
5844678,1,5865764
5845590,1,5863754
5842352,1,5861512
5845253,1,5858584
5845243,1,5858574
5861543,1,5851258
5859211,1,5847997
5859209,1,5847995
5859207,1,5847993
5865402,1,5846303
5860992,1,5842885
5859934,1,5842837
5859916,1,5842819
5859915,1,5842818
5859891,1,5842794
5858864,1,5842747
5866140,1,5841090
5866946,1,5836997
5844947,1,5869904
5858564,1,5868679
5844631,1,5865717
5853171,1,5865262
5843464,1,5863585
5856141,1,5863364
5842385,1,5862513
5852953,1,5862135
5844396,1,5861605
5848524,1,5860850
5847438,1,5860740
5847437,1,5860739
5845356,1,5860620
5845249,1,5858580
5852667,1,5857979
5856686,1,5856155
5844017,1,5855416
5857694,1,5855215
5844977,1,5854429
5861696,1,5853367
5860530,1,5852234
5860529,1,5852233
5860378,1,5850126
5864553,1,5849375
5864489,1,5848328
5864464,1,5848303
5864372,1,5847230
5864370,1,5847228
5860145,1,5845977
5860142,1,5845975
5864228,1,5844146
5860925,1,5841838
5860903,1,5841816
5860899,1,5841812
5860830,1,5840761
5860806,1,5839759
5860805,1,5839758
5860789,1,5839742
5859682,1,5839647
5860654,1,5837648
5860640,1,5837634
5839683,1,5819769
5836220,1,5816374
5833018,1,5816176
5835793,1,5809059
5833278,1,5803631
5845748,1,5866819
5845691,1,5865794
5849729,1,5861925
5849728,1,5861924
5849727,1,5861923
5844079,1,5856446
5863776,1,5853494
5863775,1,5853493
5863762,1,5853480
5863707,1,5852444
5863692,1,5852429
5863606,1,5851363
5863605,1,5851362
5863604,1,5851361
5863592,1,5851349
5863588,1,5851345
5863548,1,5850325
5862520,1,5850273
5863496,1,5849294
5862478,1,5849252
5862385,1,5848176
5862374,1,5848165
5863379,1,5847213
5862337,1,5847147
5862327,1,5847137
5863322,1,5846175
5863301,1,5846154
5863265,1,5846118
5862239,1,5846068
5863235,1,5845109
5862206,1,5845056
5862205,1,5845055
5862177,1,5845027
5862164,1,5845014
5862162,1,5845012
5860084,1,5844939
5863194,1,5844088
5863193,1,5844087
5862147,1,5844017
5862091,1,5843961
5863105,1,5843019
5862081,1,5842971
5864072,1,5842028
5864070,1,5842026
5863030,1,5841962
5863029,1,5841961
5862000,1,5841908
5861970,1,5841878
5861969,1,5841877
5861968,1,5841876
5864033,1,5841005
5862973,1,5840920
5861952,1,5840875
5861951,1,5840874
5861950,1,5840873
5861947,1,5840870
5861946,1,5840869
5861945,1,5840868
5861920,1,5840843
5861919,1,5840842
5861918,1,5840841
5863970,1,5839961
5863966,1,5839957
5863965,1,5839956
5863964,1,5839955
5863963,1,5839954
5863962,1,5839953
5863961,1,5839952
5863958,1,5839949
5863957,1,5839948
5863955,1,5839946
5862919,1,5839886
5862918,1,5839885
5862917,1,5839884
5861834,1,5839777
5863910,1,5838917
5863900,1,5838907
5863869,1,5838876
5863868,1,5838875
5862848,1,5838831
5861828,1,5838787
5863791,1,5837820
5862792,1,5837797
5862770,1,5837775
5831142,1,5819180
5831078,1,5818132
5835221,1,5817363
5835155,1,5816313
5835153,1,5816311
5830782,1,5812916
5830761,1,5812895
5831440,1,5807720
5840984,1,5807254
5831392,1,5806688
5863195,1,6042909
5837244,1,5815407
5832962,1,5815134
5849760,1,6037548
5833199,1,6038053
5861489,1,6043963
5852835,1,5860083
5864301,1,5846178
5836296,1,5817434
5852760,1,5859040
5852746,1,5859026
5850644,1,5858930
5850635,1,5858922
5848378,1,5858769
5852694,1,5858006
5851611,1,5857924
5851601,1,5857914
5847275,1,5857672
5847250,1,5857647
5847249,1,5857646
5844171,1,5857508
5857799,1,5857260
5855773,1,5857185
5853672,1,5857037
5853671,1,5857036
5853640,1,5857005
5851577,1,5856921
5851571,1,5856915
5851570,1,5856914
5851539,1,5856883
5851537,1,5856881
5849395,1,5856764
5849391,1,5856760
5849376,1,5856745
5848229,1,5856679
5847210,1,5856636
5843030,1,5856373
5857782,1,5856275
5854640,3,5856061
5854613,1,5856034
5853596,1,5855993
5851516,1,5855894
5851480,1,5855858
5851479,1,5855857
5851465,1,5855843
5849361,1,5855764
5849360,1,5855763
5849357,1,5855761
5849324,1,5855729
5848155,8,5855637
5847129,1,5855587
5858749,1,5855293
5858737,1,5855281
5858734,1,5855278
5858730,1,5855274
5858718,1,5855262
5858714,1,5855258
5858710,1,5855254
5858707,1,5855251
5858704,1,5855248
5858703,1,5855247
5858701,1,5855245
5857665,1,5855186
5857664,1,5855185
5855610,1,5855083
5855593,1,5855066
5853531,1,5854956
5852512,1,5854913
5851427,1,5854835
5851406,1,5854814
5851387,1,5854795
5850311,1,5854730
5849280,1,5854718
5848118,1,5854629
5843924,1,5854352
5843914,1,5854342
5858693,1,5854270
5858691,7,5854268
5858690,1,5854267
5858689,1,5854266
5858662,1,5854239
5855563,1,5854068
5855553,1,5854058
5851347,1,5853787
5851323,1,5853763
5849157,1,5853629
5864793,1,5853534
5849038,1,5869087
5849037,1,5869086
5849021,1,5869070
5848961,1,5868047
5854329,1,5867381
5848841,1,5865999
5844682,1,5865768
5848791,1,5864984
5849793,1,5862953
5854008,1,5862214
5849726,1,5861922
5849644,1,5860876
5849643,1,5860875
5851736,1,5859983
5849098,1,5870112
5848066,1,5870081
5848029,1,5870044
5857531,1,5869590
5850204,1,5869165
5850186,1,5869147
5852306,1,5868281
5851216,1,5868198
5846907,1,5867962
5845830,1,5867869
5845816,1,5867855
5856402,1,5867502
5854328,1,5867380
5854318,1,5867370
5852213,1,5867223
5842662,1,5866668
5857335,1,5866491
5846787,1,5865905
5854185,1,5865301
5852103,1,5865183
5852055,1,5865135
5849913,1,5865008
5848786,1,5864979
5847761,1,5864935
5847755,1,5864930
5846672,1,5864822
5844590,1,5864706
5855150,1,5864320
5850974,1,5864090
5849904,1,5864030
5846640,1,5863819
5846594,1,5863773
5849839,1,5862998
5849784,1,5862944
5849772,1,5862932
5848655,1,5862914
5849767,1,5861962
5849747,1,5861943
5849725,1,5861921
5842321,1,5861482
5853914,1,5861153
5849699,1,5860931
5849694,1,5860926
5849665,1,5860897
5849652,1,5860884
5842253,1,5860447
5854880,1,5860176
5847386,1,5859721
5846340,1,5859652
5850618,1,5858905
5850617,1,5858904
5850605,1,5858892
5850584,1,5858871
5849561,1,5858865
5849560,1,5858864
5848383,1,5858774
5857918,1,5858349
5854780,1,5858140
5850565,1,5857885
5850559,1,5857879
5849485,1,5857822
5849484,1,5857821
5849483,1,5857820
5854711,1,5857100
5850805,1,5861987
5850804,1,5861986
5850801,1,5861983
5850798,1,5861980
5850796,1,5861978
5847513,1,5861782
5842347,1,5861508
5842344,1,5861505
5842294,1,5861455
5857013,1,5861324
5855986,1,5861273
5854953,1,5861216
5853905,1,5861144
5850773,1,5860990
5850756,1,5860973
5850755,1,5860972
5850722,1,5860939
5849691,1,5860923
5849655,1,5860887
5848509,1,5860835
5847477,1,5860779
5847476,1,5860778
5857000,1,5860344
5850703,1,5859955
5849622,7,5859891
5849614,1,5859883
5856911,1,5859287
5855856,1,5859208
5853823,1,5859126
5864902,1,5838933
5864870,1,5837922
5837505,8,5819604
5837504,8,5819603
5837492,1,5819591
5837491,1,5819590
5837489,1,5819588
5835366,1,5819476
5838531,1,5818639
5836388,1,5818509
5836387,1,5818508
5835318,1,5818443
5835309,1,5818434
5835240,1,5817382
5834166,1,5817308
5835147,1,5816305
5840442,1,5815584
5832943,1,5815115
5832942,1,5815114
5832929,1,5814117
5832922,1,5814111
5832919,1,5814108
5832914,1,5814103
5832913,1,5814102
5832905,1,5814094
5832882,1,5814071
5832881,1,5814070
5832872,1,5814061
5866605,1,5848425
5866604,1,5848424
5866603,1,5848423
5866590,1,5848410
5861346,1,5848128
5861344,1,5848126
5861321,1,5848103
5859217,1,5848003
5859216,1,5848002
5859215,1,5848001
5859212,1,5847998
5859183,1,5847969
5859161,1,5847947
5866401,1,5845277
5866400,1,5845276
5861123,1,5844972
5861113,1,5844962
5861103,1,5844952
5860034,1,5844890
5860021,1,5844877
5858992,1,5844836
5858968,1,5844812
5867411,1,5844311
5866382,1,5844278
5866379,1,5844276
5866361,1,5844258
5861047,1,5843918
5861045,1,5843916
5861025,1,5843896
5859999,1,5843878
5859980,1,5843859
5859977,1,5843856
5859969,1,5843848
5858949,1,5843812
5858922,1,5843785
5858917,1,5843780
5858914,1,5843777
5859797,1,5840742
5859796,1,5840741
5859787,1,5840732
5859785,1,5840730
5859757,1,5840702
5859756,1,5840701
5859755,1,5840700
5859714,1,5839679
5859701,1,5839666
5859691,1,5839656
5859690,1,5839655
5859557,1,5837559
5859556,1,5837558
5859552,1,5837554
5866957,1,5837008
5866956,1,5837007
5866955,1,5837006
5866939,1,5836990
5866938,1,5836989
5866937,1,5836988
5866936,1,5836987
5866922,1,5836973
5866921,1,5836972
5866911,1,5836962
5865923,1,5836950
5865918,1,5836945
5865869,1,5836896
5837488,1,5819587
5836465,1,5819569
5835358,1,5819468
5833268,1,5819376
5833258,1,5819367
5833246,1,5819355
5833236,1,5819345
5833220,1,5819329
5833216,1,5819325
5833207,1,5819316
5836369,1,5818490
5836349,1,5818470
5836340,1,5818461
5835297,1,5818422
5835284,1,5818409
5835268,1,5818393
5833195,1,5818320
5833193,1,5818318
5833179,1,5818304
5833163,1,5818288
5833157,1,5818282
5833152,1,5818277
5833146,1,5818271
5833143,1,5818268
5833140,1,5818265
5833135,1,5818260
5832102,1,5818222
5836312,1,5817450
5836286,1,5817424
5833125,1,5817267
5833120,1,5817262
5866574,1,5847411
5866541,1,5847378
5859158,1,5846962
5859152,1,5846957
5859150,1,5846955
5859149,1,5846954
5859131,1,5846936
5859122,1,5846927
5859121,1,5846926
5859096,1,5846901
5859095,1,5846900
5866485,1,5846341
5866461,1,5846317
5861185,1,5846011
5861183,1,5846009
5859094,1,5845918
5859091,1,5845915
5859088,1,5845913
5859080,1,5845905
5859077,1,5845902
5859075,1,5845900
5859074,1,5845899
5859063,1,5845888
5859062,1,5845887
5859049,1,5845874
5859043,1,5845868
5859042,1,5845867
5859035,1,5845860
5867366,1,5843289
5859926,1,5842829
5859901,1,5842804
5859900,1,5842803
5859886,1,5842789
5859885,1,5842788
5859882,1,5842785
5859879,1,5842782
5858893,1,5842776
5858883,1,5842766
5860930,1,5841843
5860919,1,5841832
5860897,1,5841810
5859872,1,5841797
5859867,1,5841793
5859866,1,5841792
5859861,1,5841787
5859852,1,5841778
5859840,1,5841766
5859828,1,5841754
5859654,1,5838635
5859653,1,5838634
5859643,1,5838624
5859642,1,5838623
5859640,1,5838621
5859629,1,5838610
5859628,1,5838609
5859626,1,5838607
5859615,1,5838596
5865996,1,5838001
5859613,1,5837614
5859612,1,5837613
5859605,1,5837607
5859602,1,5837604
5859589,1,5837591
5859587,1,5837589
5859586,1,5837588
5859578,1,5837580
5859560,1,5837562
5859559,1,5837561
5833113,1,5817255
5833098,1,5817240
5833093,1,5817235
5833083,1,5817225
5833076,1,5817218
5833075,1,5817217
5833074,1,5817216
5833069,1,5817211
5836254,1,5816408
5836252,1,5816406
5836250,1,5816404
5836244,1,5816398
5836242,1,5816396
5836216,1,5816370
5835179,1,5816337
5835178,1,5816336
5833063,1,5816221
5833057,1,5816215
5833055,1,5816213
5833045,1,5816203
5833036,1,5816194
5833022,1,5816180
5833016,1,5816174
5833011,1,5816169
5833007,1,5816165
5833006,1,5816164
5838281,1,5815435
5838280,1,5815434
5837238,1,5815401
5837237,1,5815400
5832988,1,5815160
5832976,1,5815148
5832974,1,5815146
5832970,1,5815142
5832965,1,5815137
5832964,1,5815136
5831900,1,5815064
5836124,1,5814308
5836074,1,5814258
5836073,1,5814257
5831860,1,5814040
5837127,1,5813321
5837102,1,5813296
5836005,1,5813205
5831772,1,5812967
5831771,1,5812966
5840226,1,5812417
5837064,1,5812275
5837061,1,5812273
5835974,1,5812191
5835942,1,5812159
5835941,1,5812158
5834900,1,5812118
5831696,1,5811907
5847471,1,5860773
5860481,1,5851206
5860480,1,5851205
5860448,1,5851174
5860434,1,5851160
5860388,1,5850136
5860385,1,5850133
5860384,1,5850132
5862303,1,5847113
5862298,1,5847108
5862297,1,5847107
5862292,1,5847102
5862291,1,5847101
5862290,1,5847100
5860207,1,5847018
5863321,1,5846174
5863318,1,5846171
5863317,1,5846170
5863311,1,5846164
5863293,1,5846146
5863288,1,5846141
5863287,1,5846140
5863270,1,5846123
5863268,1,5846121
5862279,1,5846108
5862274,1,5846103
5862270,1,5846099
5862265,1,5846094
5862263,1,5846092
5862262,1,5846091
5862260,1,5846089
5862256,1,5846085
5862242,1,5846071
5862241,1,5846070
5862240,1,5846069
5862228,1,5846057
5862223,1,5846052
5867472,1,5845348
5863256,1,5845130
5863241,1,5845115
5863238,1,5845112
5863229,1,5845103
5863228,1,5845102
5863225,1,5845099
5863213,1,5845087
5863200,1,5845074
5862218,1,5845068
5862209,1,5845059
5862207,1,5845057
5862202,1,5845052
5862197,1,5845047
5862195,1,5845045
5862192,1,5845042
5862186,1,5845036
5862185,1,5845035
5862172,1,5845022
5862169,1,5845019
5862166,1,5845016
5862165,1,5845015
5862163,1,5845013
5862161,1,5845011
5862156,1,5845006
5863183,1,5844077
5863172,1,5844066
5863170,1,5844064
5863163,1,5844057
5863162,1,5844056
5863159,1,5844053
5863158,1,5844052
5863153,1,5844047
5863146,1,5844040
5863145,1,5844039
5863144,1,5844038
5863142,1,5844036
5862135,1,5844005
5862132,1,5844002
5862130,1,5844000
5862113,1,5843983
5862111,1,5843981
5862102,1,5843972
5862099,1,5843969
5862098,1,5843968
5864498,1,5849320
5860312,1,5849083
5866634,1,5848454
5865491,1,5848353
5865478,1,5848340
5864435,1,5848274
5861357,1,5848138
5861334,1,5848116
5861333,1,5848115
5861319,1,5848101
5861318,1,5848100
5861317,1,5848099
5860279,1,5848068
5860258,1,5848048
5860228,1,5848018
5848686,1,5863912
5832145,1,5819250
5864099,1,5842055
5864090,1,5842046
5864081,1,5842037
5864080,1,5842036
5864079,1,5842035
5864078,1,5842034
5864075,1,5842031
5864066,1,5842022
5864061,1,5842017
5864060,1,5842016
5864054,1,5842010
5864052,1,5842008
5864050,1,5842006
5864048,1,5842004
5864047,1,5842003
5864042,1,5841998
5863064,1,5841996
5863042,1,5841974
5863036,1,5841968
5863035,1,5841967
5863013,1,5841945
5863005,1,5841937
5862025,1,5841932
5862020,1,5841928
5862019,1,5841927
5862001,1,5841909
5861987,1,5841895
5861986,1,5841894
5861965,1,5841873
5861964,1,5841872
5864037,1,5841009
5864030,1,5841002
5864029,1,5841001
5864025,1,5840997
5864017,1,5840989
5864009,1,5840981
5864007,1,5840979
5864001,1,5840973
5863991,1,5840963
5863989,1,5840961
5863988,1,5840960
5863986,1,5840958
5863985,1,5840957
5863981,1,5840953
5862990,1,5840937
5862981,1,5840928
5862978,1,5840925
5862975,1,5840922
5862957,1,5840904
5862951,1,5840898
5862944,1,5840891
5862943,1,5840890
5862939,1,5840886
5862937,1,5840884
5861954,1,5840877
5861949,1,5840872
5861941,1,5840864
5861936,1,5840859
5861934,1,5840857
5861933,1,5840856
5861932,1,5840855
5861915,1,5840838
5861903,1,5840826
5861900,1,5840823
5863950,1,5839941
5863949,1,5839940
5863948,1,5839939
5863929,1,5839920
5863914,1,5839905
5862933,1,5839900
5862932,1,5839899
5862925,1,5839892
5862914,1,5839881
5862913,1,5839880
5862911,1,5839878
5862885,1,5839852
5862881,1,5839848
5831673,1,6044952
5845828,1,5867867
5845809,1,5867848
5845808,1,5867847
5845690,1,5865793
5849602,1,5859871
5853572,1,5855969
5863773,1,5853491
5863770,1,5853488
5863765,1,5853483
5863735,1,5853453
5862739,1,5853433
5862732,1,5853426
5862730,1,5853424
5862729,1,5853423
5862728,1,5853422
5862726,1,5853420
5862717,1,5853411
5862714,1,5853408
5862704,1,5853398
5862703,1,5853397
5862689,1,5853383
5862683,1,5853377
5863711,1,5852448
5863709,1,5852446
5863705,1,5852442
5863704,1,5852441
5863702,1,5852439
5863698,1,5852435
5863697,1,5852434
5863696,1,5852433
5863695,1,5852432
5863694,1,5852431
5863688,1,5852425
5863687,1,5852424
5863678,1,5852415
5846055,1,5854524
5836602,1,6043903
5863669,1,5852406
5863656,1,5852393
5863654,1,5852391
5863653,1,5852390
5862673,1,5852386
5862672,1,5852385
5862669,1,5852382
5862668,1,5852381
5862667,1,5852380
5862664,1,5852377
5862661,1,5852374
5862659,1,5852372
5862657,1,5852370
5862656,1,5852369
5862648,1,5852361
5862622,1,5852335
5862611,1,5852324
5861583,1,5852275
5863645,1,5851402
5863630,1,5851387
5863628,1,5851385
5863627,1,5851384
5863625,1,5851382
5844658,1,5865744
5855083,1,5863282
5853987,1,5862193
5853942,1,5861181
5851702,1,5858982
5846234,1,5857610
5846105,1,5855544
5843977,1,5854404
5864608,1,5850409
5864607,1,5850408
5861493,1,5850230
5867463,1,5845339
5861115,1,5844964
5861048,1,5843919
5865960,1,5837966
5840527,1,5816655
5837216,1,5815379
5834002,1,5815172
5831905,1,5815069
5837130,1,5813324
5837108,1,5813302
5841173,1,5810392
5840097,1,5810322
5835773,1,5809039
5833595,1,5807878
5841946,1,5805249
5841938,1,5805241
5840879,1,5805184
5836498,1,5803847
5862095,1,5843965
5859956,1,5843835
5863126,1,5843040
5863120,1,5843034
5863101,1,5843015
5863100,1,5843014
5863099,1,5843013
5863095,1,5843009
5863093,1,5843007
5863083,1,5842997
5863082,1,5842996
5863076,1,5842990
5863071,1,5842985
5862088,1,5842978
5862087,1,5842977
5862078,1,5842968
5862077,1,5842967
5862069,1,5842959
5862065,1,5842955
5862046,1,5842936
5859897,1,5842800
5867073,1,5839077
5867059,1,5839063
5867056,1,5839060
5867053,1,5839057
5864936,1,5838967
5864918,1,5838949
5864894,1,5838925
5860700,1,5838671
5867041,1,5838067
5867037,1,5838063
5867036,1,5838062
5867020,1,5838047
5866996,1,5838023
5865988,1,5837994
5864827,1,5837879
5861724,1,5837705
5860648,1,5837642
5866951,1,5837002
5865919,1,5836946
5865871,1,5836898
5840718,1,5819799
5840698,1,5819779
5840691,1,5819772
5839662,1,5819749
5839656,1,5819743
5839646,1,5819733
5838609,1,5819702
5838596,1,5819689
5838567,1,5819660
5838551,1,5819644
5838550,3,5819643
5834322,1,5819433
5834303,1,5819414
5834299,1,5819410
5834288,1,5819399
5837323,1,5816472
5837304,1,5816453
5837303,1,5816452
5837288,1,5816437
5837277,1,5816426
5834133,1,5816289
5834122,1,5816279
5834116,1,5816273
5834094,1,5816251
5834071,1,5816228
5841519,1,5815655
5840478,1,5815620
5840463,1,5815605
5840449,1,5815591
5839415,1,5815562
5839389,1,5815537
5839388,1,5815536
5838344,1,5815497
5837253,1,5815416
5835131,1,5815301
5835127,1,5815298
5835124,1,5815295
5835120,1,5815291
5835118,1,5815289
5835115,1,5815286
5835114,1,5815285
5835113,1,5815284
5835109,1,5815280
5835108,1,5815279
5835107,1,5815278
5835106,1,5815277
5835105,1,5815276
5835103,1,5815274
5835101,1,5815272
5835100,1,5815271
5835099,1,5815270
5835094,1,5815265
5835093,1,5815264
5835092,1,5815263
5835090,1,5815261
5835089,1,5815260
5835088,1,5815259
5835087,1,5815258
5835084,1,5815255
5840295,1,5813468
5839229,1,5813408
5838202,1,5813387
5838159,1,5813344
5834996,1,5813197
5834993,1,5813194
5834956,1,5813157
5834937,1,5813138
5833896,1,5813096
5833875,1,5813075
5831791,1,5812986
5831773,1,5812968
5841359,1,5812543
5840248,1,5812439
5839173,1,5812370
5837066,1,5812277
5834927,1,5812145
5833840,1,5812056
5833822,1,5812038
5833821,1,5812037
5833808,1,5812024
5841227,1,5811431
5840181,1,5811391
5840157,1,5811367
5839139,1,5811355
5839138,1,5811354
5839126,1,5811342
5839092,1,5811308
5838042,1,5811264
5838035,1,5811257
5834287,1,5819398
5834281,1,5819392
5834276,1,5819387
5832198,1,5819303
5832197,1,5819302
5831208,1,5819245
5830182,1,5819159
5830177,1,5819154
5830161,1,5819138
5841747,1,5818838
5841741,1,5818832
5839588,1,5818690
5838524,1,5818632
5837427,1,5818543
5837424,1,5818540
5834265,1,5818390
5834258,1,5818384
5834254,1,5818380
5834222,1,5818348
5834206,1,5818332
5833162,1,5818287
5832083,1,5818203
5831100,1,5818154
5831075,1,5818129
5841684,1,5817790
5841681,1,5817787
5841665,1,5817771
5841642,1,5817748
5840604,1,5817716
5839539,1,5817657
5838442,1,5817566
5837396,1,5817529
5837373,1,5817506
5837366,1,5817499
5837360,1,5817493
5837355,1,5817488
5834193,1,5817335
5834183,1,5817325
5834175,1,5817317
5834164,1,5817306
5834140,1,5817282
5834137,1,5817279
5832066,1,5817202
5832058,1,5817194
5831062,1,5817133
5831033,1,5817104
5839448,1,5816582
5839445,1,5816579
5838368,1,5816508
5838364,1,5816504
5838354,1,5816494
5837331,1,5816480
5835083,1,5815254
5835082,1,5815253
5835081,1,5815252
5835080,1,5815251
5835078,1,5815249
5835077,6,5815248
5835076,1,5815247
5835073,1,5815244
5835072,1,5815243
5835071,1,5815242
5835070,1,5815241
5835068,1,5815239
5834030,1,5815200
5834024,1,5815194
5831919,1,5815083
5830931,1,5815032
5841464,1,5814615
5840413,1,5814570
5839350,1,5814512
5839342,1,5814505
5839295,1,5814458
5838277,1,5814445
5838268,1,5814437
5838257,1,5814426
5835065,1,5814250
5835064,1,5814249
5835061,1,5814247
5835057,1,5814243
5835055,1,5814241
5835054,1,5814240
5835053,1,5814239
5835051,1,5814237
5835050,1,5814236
5835047,1,5814233
5835044,1,5814230
5835043,1,5814229
5835042,1,5814228
5835036,1,5814222
5835033,1,5814219
5835032,1,5814218
5835031,1,5814217
5835030,1,5814216
5835027,1,5814213
5835025,1,5814211
5835018,1,5814204
5835017,1,5814203
5835016,1,5814202
5835015,1,5814201
5835008,1,5814194
5835006,1,5814192
5835004,1,5814190
5835002,1,5814188
5835000,1,5814186
5833991,1,5814176
5833972,1,5814157
5833950,1,5814135
5833949,1,5814134
5833943,1,5814128
5833937,1,5814122
5831826,1,5814006
5830813,1,5813931
5838030,1,5811252
5834838,1,5811075
5834832,1,5811069
5833737,1,5810971
5832693,1,5810932
5830613,1,5810780
5841180,1,5810399
5840106,1,5810331
5839057,1,5810288
5839046,1,5810277
5839027,1,5810258
5837992,1,5810229
5837948,1,5810185
5834786,1,5810038
5834785,1,5810037
5833722,1,5809972
5833696,1,5809946
5830596,1,5809778
5830595,1,5809777
5830541,1,5809723
5841110,1,5809345
5841104,1,5809339
5841093,1,5809328
5840087,1,5809327
5840060,1,5809301
5840047,1,5809288
5840034,1,5809275
5837941,1,5809193
5837935,1,5809188
5837883,1,5809136
5836824,1,5809085
5841058,1,5808311
5839996,1,5808255
5839991,1,5808250
5839974,1,5808233
5838912,1,5808177
5838885,1,5808150
5837840,1,5808111
5836742,1,5808021
5835726,1,5808009
5834624,1,5807910
5834609,1,5807895
5833576,1,5807860
5830441,1,5807660
5841011,1,5807281
5850492,1,5856844
5863623,1,5851380
5863602,1,5851359
5863601,1,5851358
5863600,1,5851357
5863598,1,5851355
5863589,1,5851346
5862607,1,5851340
5862606,1,5851339
5862582,1,5851315
5862577,1,5851310
5862569,1,5851302
5861551,1,5851266
5863581,1,5850358
5863573,1,5850350
5863547,1,5850324
5863544,1,5850321
5863542,1,5850319
5863541,1,5850318
5863540,1,5850317
5863539,1,5850316
5863537,1,5850314
5863530,1,5850307
5863529,1,5850306
5863524,1,5850301
5863521,1,5850298
5862539,1,5850292
5862535,1,5850288
5862516,1,5850269
5862510,1,5850263
5862509,1,5850262
5862504,1,5850257
5862502,1,5850255
5862489,1,5850242
5862481,1,5850234
5863487,1,5849285
5863475,1,5849273
5863472,1,5849270
5863469,1,5849267
5863456,1,5849254
5862476,1,5849250
5862474,1,5849248
5862471,1,5849245
5862470,1,5849244
5862469,1,5849243
5862468,1,5849242
5862467,1,5849241
5862459,1,5849233
5862441,1,5849215
5862438,1,5849212
5862431,1,5849205
5862417,1,5849191
5861386,1,5849148
5860295,1,5849066
5863449,1,5848264
5863431,1,5848246
5863409,1,5848224
5863401,1,5848216
5863392,1,5848207
5862410,1,5848201
5862408,1,5848199
5862407,1,5848198
5862406,1,5848197
5862401,1,5848192
5862397,1,5848188
5862390,1,5848181
5864674,1,5851455
5864665,1,5851446
5866758,1,5850536
5864600,1,5850401
5864580,1,5850381
5865562,1,5849403
5860210,1,5847021
5860166,1,5846977
5867552,7,5846404
5867526,1,5846378
5867522,22,5846374
5865388,1,5846289
5861195,1,5846021
5867503,1,5845379
5861095,1,5844944
5860024,1,5844880
5865271,1,5844213
5861044,1,5843915
5859928,22,5842831
5859894,1,5842797
5859870,1,5841795
5866147,1,5841097
5865025,1,5841020
5860846,1,5840777
5863956,1,5839947
5863946,1,5839937
5860769,1,5839722
5854204,1,5865320
5846173,1,5856579
5861635,1,5853306
5833214,1,5819323
5833213,1,5819322
5831881,1,5815045
5836031,1,5813231
5835867,1,5811103
5835809,1,5810060
5835743,1,5809009
5835685,1,5807969
5836640,1,5805952
5836564,1,5804895
5862389,1,5848180
5862383,1,5848174
5862369,1,5848160
5862367,1,5848158
5862366,1,5848157
5862354,1,5848145
5863364,1,5847198
5863339,1,5847173
5863336,1,5847170
5863332,1,5847166
5862345,1,5847155
5862336,1,5847146
5862330,1,5847140
5862329,1,5847139
5862326,1,5847136
5862324,1,5847134
5862323,1,5847133
5862312,1,5847122
5862311,1,5847121
5862309,1,5847119
5862306,1,5847116
5844936,1,5869893
5844889,1,5869846
5856504,7,5869539
5851271,1,5869219
5848011,1,5869058
5846976,1,5868998
5845928,1,5868934
5844838,1,5868827
5856433,1,5868500
5847917,1,5867997
5847916,1,5867996
5847915,1,5867995
5846911,1,5867966
5857414,1,5867538
5855360,1,5867436
5857397,1,5866552
5854574,1,5855023
5851443,1,5854851
5851429,1,5854837
5853471,1,5853928
5860616,1,5853299
5860578,1,5853262
5860568,1,5853252
5860558,1,5853242
5866894,1,5852633
5865791,1,5852571
5860543,1,5852247
5860532,1,5852236
5860526,1,5852230
5860499,1,5852203
5866817,1,5851575
5860472,1,5851198
5865635,1,5850454
5860419,1,5850166
5860398,1,5850146
5860389,1,5850137
5860352,1,5849122
5860319,1,5849090
5860289,1,5849060
5860281,1,5848070
5860275,1,5848065
5860223,1,5848013
5861246,1,5847050
5861236,1,5847040
5860215,1,5847025
5860208,1,5847019
5860141,1,5845974
5860124,1,5845957
5866404,1,5845280
5866319,1,5843235
5867297,1,5842241
5860892,1,5841805
5857301,1,5865489
5854193,1,5865309
5846685,1,5864835
5846684,1,5864834
5842541,1,5864609
5842539,1,5864607
5857223,1,5864441
5853070,1,5864192
5842452,1,5863549
5850816,1,5861998
5847518,1,5861787
5847484,1,5860786
5844332,4,5860574
5858014,1,5860382
5857987,1,5860355
5848420,1,5859779
5854740,6,5858100
5845150,1,5857512
5856765,1,5857202
5856764,1,5857201
5856763,1,5857200
5847217,1,5856643
5845135,1,5856526
5853569,1,5855966
5852539,1,5855912
5852530,7,5855903
5847121,1,5855579
5845058,1,5855481
5845049,1,5855472
5860845,1,5840776
5860831,1,5840762
5860779,1,5839732
5860762,1,5839715
5865970,1,5837976
5860670,1,5837664
5860641,1,5837635
5840211,1,5811421
5838047,1,5811269
5832668,1,5810907
5830628,1,5810795
5836922,1,5810167
5834734,1,5809986
5832639,1,5809894
5835778,1,5809044
5835777,1,5809043
5832549,1,5808820
5838911,1,5808176
5836783,1,5808062
5836781,1,5808060
5832511,1,5807798
5841997,1,5806282
5838764,1,5806062
5835564,1,5805881
5838740,1,5805057
5836553,1,5804884
5840801,1,5804124
5840769,1,5804092
5837585,1,5803926
5837584,1,5803925
5835405,1,5803759
5832255,1,5803605
5832225,1,5803575
5839266,1,5813445
5839096,1,5811312
5839087,1,5811303
5836808,1,5809069
5862128,1,5843998
5862127,1,5843997
5862126,1,5843996
5862125,1,5843995
5833349,1,5804684
5833327,1,5803680
5831779,1,5812974
5831778,1,5812973
5836414,1,5819519
5836413,1,5819518
5835392,1,5819501
5835384,1,5819494
5840642,1,5818738
5837420,1,5818536
5837400,1,5817533
5835231,1,5817373
5837204,1,5815367
5837171,1,5814350
5836100,1,5814284
5840343,1,5813516
5836034,1,5813234
5841331,1,5812516
5837018,1,5812230
5834905,1,5812123
5836960,1,5811191
5836898,1,5810143
5836880,1,5810125
5841159,1,5809393
5835765,1,5809031
5839972,1,5808231
5835720,1,5808004
5839942,1,5807218
5836719,1,5807015
5835663,1,5806963
5836510,1,5803859
5866771,1,6044439
5866251,1,6042403
5865991,1,6041862
5858971,1,5844815
5858970,1,5844814
5866332,1,5844229
5866331,1,5844228
5866330,1,5844227
5861068,1,5843939
5865206,1,5843168
5866239,1,5842174
5866179,1,5841129
5866125,1,5840092
5865889,1,5836916
5835356,1,5819466
5835355,1,5819465
5834331,1,5819441
5834330,1,5819440
5833224,1,5819333
5832149,1,5819254
5834263,1,5818388
5834188,1,5817330
5839468,1,5816602
5839466,1,5816600
5839454,1,5816588
5834091,1,5816248
5831987,1,5816138
5839375,1,5815523
5838340,1,5815494
5831878,1,5815042
5839329,1,5814492
5839311,1,5814474
5833954,1,5814139
5840315,1,5813488
5834988,1,5813189
5834976,1,5813177
5834968,1,5813169
5833927,1,5813127
5833870,1,5813070
5831802,1,5812997
5840254,1,5812445
5840253,1,5812444
5840252,1,5812443
5837033,1,5812245
5837027,1,5812239
5833869,1,5812084
5833868,1,5812083
5839119,1,5811335
5838054,1,5811276
5832713,1,5810952
5832712,1,5810951
5837898,1,5809151
5835731,1,5808014
5840973,1,5807243
5839864,1,5806156
5839863,1,5806155
5839862,1,5806154
5837741,1,5806044
5837740,1,5806043
5838616,1,5803951
5834368,1,5803724
5834355,1,5803711
5832227,1,5803577
5851754,1,5860001
5857265,1,6037590
5864683,1,6044456
5866641,1,6043929
5855834,1,6036549
5855705,1,6036517
5849114,1,5870128
5858580,1,5869663
5855512,1,5869522
5847990,1,5869037
5849017,1,5868101
5848968,1,5868054
5847939,1,5868019
5847938,1,5868018
5847937,1,5868017
5847936,1,5868016
5847935,1,5868015
5855381,1,5867456
5855364,1,5867440
5855363,1,5867439
5853272,1,5867300
5853271,1,5867299
5843663,1,5866693
5857273,1,5865461
5857272,1,5865460
5857271,1,5865459
5856294,1,5865457
5856253,1,5865417
5849949,1,5865044
5849948,1,5865043
5849947,1,5865042
5849946,1,5865041
5849945,1,5865040
5857264,1,5864482
5857259,1,5864477
5855178,1,5864348
5855177,1,5864347
5858213,1,5863484
5858205,1,5863476
5857200,1,5863446
5857160,1,5863407
5845541,1,5862736
5853962,1,5862168
5853961,1,5862167
5853960,1,5862166
5853959,1,5862165
5848603,1,5861895
5848602,1,5861894
5847521,1,5861790
5845468,1,5861698
5845467,1,5861697
5845429,1,5861659
5845428,1,5861658
5857023,1,5861334
5853911,1,5861150
5851816,1,5861029
5851815,1,5861028
5851799,1,5861012
5851798,1,5861011
5851797,1,5861010
5844338,1,5860580
5855920,1,5860240
5855919,1,5860239
5855911,1,5860231
5851747,1,5859994
5845328,1,5859626
5845295,1,5859593
5845294,1,5859592
5843230,1,5859481
5843205,1,5859456
5867378,1,5843300
5865207,1,5843169
5860926,1,5841839
5842045,1,5841691
5865068,1,5841063
5865066,1,5841061
5860825,1,5840756
5867101,1,5839105
5864949,1,5838980
5864948,1,5838979
5864947,1,5838978
5866998,1,5838025
5866997,1,5838024
5859571,1,5837573
5842200,1,5859427
5857949,1,5859349
5856887,1,5859263
5856886,1,5859262
5851683,1,5858963
5845263,1,5858594
5845257,1,5858588
5845254,1,5858585
5845224,1,5858555
5842099,1,5858359
5855835,1,5858218
5855817,1,5858201
5853726,1,5858062
5853725,1,5858061
5852682,1,5857994
5848326,1,5857747
5848325,1,5857746
5848319,1,5857740
5845204,1,5857566
5845203,1,5857565
5855713,1,5857126
5853681,1,5857046
5848255,1,5856705
5847229,1,5856655
5846175,1,5856581
5842968,1,5855343
5842967,1,5855342
5855632,1,5855105
5855613,1,5855086
5854563,1,5855012
5854542,1,5854991
5865821,1,5853582
5865756,1,5852536
5865748,1,5852528
5859362,1,5851090
5865550,1,5849391
5860269,1,5848059
5860268,1,5848058
5860244,1,5848034
5860243,1,5848033
5860235,1,5848025
5860234,1,5848024
5866578,1,5847414
5859134,1,5846939
5866502,1,5846358
5861205,1,5846031
5867497,1,5845373
5858972,1,5844816
5858610,1,5869693
5858589,1,5869672
5858588,1,5869671
5854443,1,5869430
5844880,1,5868869
5854391,1,5868410
5854389,1,5868408
5853360,1,5868355
5858467,1,5867615
5858466,1,5867614
5858465,1,5867613
5857411,1,5867535
5855380,1,5867455
5855327,1,5867403
5854296,1,5867348
5847861,1,5866973
5845765,1,5866836
5854252,1,5866336
5853232,1,5866292
5853231,1,5866291
5844669,1,5865755
5854182,1,5865298
5849950,1,5865045
5856219,1,5864413
5855179,1,5864349
5843512,1,5863633
5847587,1,5862822
5853999,1,5862205
5853975,1,5862181
5847522,1,5861791
5847520,1,5861789
5847519,1,5861788
5846504,1,5861748
5855984,1,5861271
5855982,1,5861269
5846460,1,5860737
5844365,1,5860606
5858001,1,5860369
5855914,1,5860234
5855913,1,5860233
5854867,1,5860163
5845329,1,5859627
5842173,1,5859400
5845264,1,5858595
5849418,1,5856787
5847230,1,5856656
5847228,1,5856654
5839664,1,5819751
5839663,1,5819750
5839652,1,5819739
5835353,1,5819463
5833223,1,5819332
5832150,1,5819255
5839558,1,5818660
5839557,1,5818659
5839556,1,5818658
5839555,1,5818657
5839554,1,5818656
5839553,1,5818655
5839552,1,5818654
5834262,1,5818387
5841676,1,5817782
5840561,1,5817673
5837378,1,5817511
5837352,1,5817485
5834153,1,5817295
5834152,1,5817294
5834151,1,5817293
5834150,1,5817292
5834149,1,5817291
5834147,1,5817289
5834146,1,5817288
5834145,1,5817287
5831065,1,5817136
5841574,1,5816696
5837322,1,5816471
5837295,1,5816444
5834107,1,5816264
5845142,1,5856533
5844066,1,5856433
5858790,1,5856302
5849352,1,5855756
5849351,1,5855755
5845019,1,5855442
5852499,1,5854900
5844984,1,5854436
5844983,1,5854435
5858676,1,5854253
5855515,1,5854020
5854518,1,5853999
5854515,1,5853996
5853469,1,5853926
5850294,1,5853746
5864794,1,5853535
5861648,1,5853319
5865688,1,5851487
5864684,1,5851464
5864682,1,5851463
5861508,1,5851223
5861507,1,5851222
5861506,1,5851221
5859387,1,5851115
5864567,1,5850368
5859328,1,5850076
5864500,1,5849322
5859287,1,5849055
5859261,1,5849030
5859260,1,5849029
5859259,1,5849028
5859258,1,5849027
5859231,1,5849000
5865469,1,5847350
5864374,1,5847232
5861262,1,5847066
5861257,1,5847061
5861256,1,5847060
5861219,1,5846045
5864291,1,5845189
5864252,1,5845150
5864251,1,5845149
5864241,1,5845139
5860038,6,5844894
5860037,1,5844893
5859986,1,5843865
5860896,1,5841809
5831110,1,5818164
5831070,1,5817141
5831069,1,5817140
5830996,1,5816083
5830972,1,5816059
5830949,1,5816036
5831568,1,5809811
5830442,1,5807661
5830389,1,5806624
5830374,1,5806609
5830373,1,5806608
5830372,1,5806607
5831311,1,5805625
5830311,1,5805564
5831238,1,5804569
5831237,1,5804568
5846578,1,5862788
5846577,1,5862787
5857022,1,5861333
5847653,1,5863857
5849705,1,5861901
5850702,1,5859954
5861672,1,5853343
5865415,1,5847297
5836455,1,5819560
5832079,1,5818199
5832078,1,5818198
5837071,1,5813265
5836036,1,5813236
5836996,1,5811226
5832659,1,5809913
5836494,1,5803843
5862734,1,5853428
5863847,1,5838854
5832039,1,5817175
5836195,1,5815362
5840223,1,5812414
5842566,1,5865604
5848558,1,5861851
5846389,1,5859701
5846388,1,5859700
5846387,1,5859699
5836192,1,6037528
5838141,1,6037005
5843819,1,5868784
5843027,1,5856370
5865476,1,5848338
5846368,1,5859680
5848235,1,5856685
5848234,1,5856684
5840222,1,5812413
5844711,1,5866765
5846369,1,5859681
5854861,1,5859188
5864775,1,5853516
5864774,1,5853515
5865475,1,5848337
5859220,1,5848005
5864412,1,5847270
5836457,1,5819562
5838140,1,5812343
5832667,1,5810906
5832645,1,5809900
5844056,1,5856423
5842041,1,5841687
5849954,1,5865049
5844262,1,5859537
5844261,1,5859536
5861222,1,5846047
5861221,1,5846046
5866080,1,5840048
5841655,1,5817761
5833037,1,5816195
5832996,1,5815167
5832991,1,5815163
5835637,1,5806938
5836490,1,5803839
5860970,1,5842863
5833186,1,5818311
5833185,1,5818310
5833184,1,5818309
5833164,1,5818289
5833151,1,5818276
5833109,1,5817251
5833108,1,5817250
5833107,1,5817249
5832990,1,5815162
5833377,1,5804712
5833347,1,5804682
5833329,1,5803682
5833290,1,5803643
5855961,1,5860281
5860577,1,5853261
5861504,1,5851219
5861503,1,5851218
5840747,1,5819828
5840706,1,5819787
5840655,1,5818751
5837471,1,5818586
5838463,1,5817587
5836324,1,5817462
5836292,1,5817430
5836269,1,5817407
5841603,1,5816725
5841564,1,5816686
5841563,1,5816685
5836260,1,5816413
5836248,1,5816402
5831973,1,5816124
5831972,1,5816123
5841550,1,5815686
5841549,1,5815685
5841548,1,5815684
5841547,1,5815683
5841546,1,5815682
5841544,1,5815680
5841543,1,5815679
5841540,1,5815676
5841539,1,5815675
5841538,1,5815674
5841537,1,5815673
5841529,1,5815665
5841528,1,5815664
5841524,1,5815660
5841523,1,5815659
5841514,1,5815650
5839373,1,5815521
5838339,1,5815493
5836149,1,5815317
5831889,1,5815053
5841457,1,5814608
5839314,1,5814477
5837147,1,5814326
5837146,1,5814325
5837145,1,5814324
5832918,1,5814107
5830855,1,5813973
5839265,1,5813444
5838147,1,5813332
5831795,1,5812990
5840275,1,5812466
5840274,1,5812465
5838091,1,5812294
5837026,1,5812238
5837004,1,5812216
5836112,1,5814296
5836609,1,5805921
5836888,1,5810133
5857585,1,5869644
5847860,1,5866972
5845667,1,5864801
5853096,1,5864218
5858133,1,5862435
5856953,1,5860297
5855892,1,5859244
5855891,1,5859243
5854835,1,5859163
5853738,1,5858074
5853737,1,5858073
5853736,1,5858072
5857245,1,5864463
5856223,1,5864417
5856189,1,5864383
5856188,1,5864382
5855133,1,5864303
5847665,1,5863869
5844533,1,5863678
5844506,1,5863651
5843499,1,5863620
5842476,1,5863573
5855105,1,5863304
5844495,1,5862670
5844454,1,5862630
5844453,1,5862629
5844452,1,5862628
5844443,1,5862619
5842406,1,5862534
5842374,1,5862502
5858139,1,5862441
5857080,1,5862358
5847526,1,5861795
5844427,1,5861636
5844426,1,5861635
5844381,1,5861590
5844378,1,5861587
5844352,1,5860594
5844335,1,5860577
5844328,1,5860570
5843298,1,5860516
5843241,1,5859492
5855890,1,5859242
5844232,1,5858539
5844231,1,5858538
5857907,1,5858339
5844130,3,5857468
5857843,1,5857304
5857832,1,5857293
5852607,1,5856948
5844089,1,5856456
5844069,7,5856436
5858813,1,5856325
5857751,1,5856244
5854610,1,5856031
5853606,1,5856003
5853602,1,5855999
5848167,1,5855649
5848166,1,5855648
5848164,1,5855646
5848163,1,5855645
5843978,1,5855377
5842949,1,5855324
5842938,1,5855313
5857708,1,5855229
5857685,1,5855206
5843919,1,5854347
5842914,1,5854318
5855542,1,5854047
5860549,1,5852252
5866690,1,5849490
5859197,1,5847983
5866456,1,5846312
5859069,1,5845894
5859046,1,5845871
5866393,1,5845269
5866373,1,5844270
5866344,1,5844241
5866300,1,5843217
5866249,3,5842184
5867226,1,5841188
5867150,1,5840133
5864972,1,5839986
5864971,1,5839985
5867084,1,5839088
5867028,1,5838055
5867016,1,5838043
5838404,1,5816544
5837294,1,5816443
5837278,1,5816427
5839409,1,5815557
5837267,1,5815429
5837196,1,5814374
5840320,1,5813493
5838103,1,5812306
5841276,1,5811480
5838010,1,5810246
5838009,1,5810245
5838004,1,5810241
5837881,1,5809134
5834644,1,5807930
5841018,1,5807288
5834586,1,5806889
5840847,1,5805152
5839764,1,5805075
5838692,1,5805009
5848069,1,5870084
5842840,1,5869749
5842839,1,5869748
5857540,1,5869599
5855513,1,5869523
5855495,1,5869506
5855493,1,5869504
5854428,5,5869415
5847970,1,5869017
5846925,1,5868947
5844881,1,5868870
5843839,1,5868804
5857490,1,5868581
5857483,1,5868574
5853369,1,5868363
5853340,1,5868335
5853316,1,5868311
5846897,3,5867952
5858503,1,5867650
5858501,1,5867648
5857425,1,5867549
5857413,1,5867537
5855369,1,5867445
5855349,1,5867425
5855336,1,5867412
5855321,1,5867397
5854303,1,5867355
5847840,1,5866952
5844712,1,5866766
5843688,1,5866718
5843676,1,5866706
5857382,1,5866538
5857357,1,5866513
5855311,1,5866419
5855272,1,5866380
5854229,1,5866313
5853211,1,5866271
5853209,1,5866269
5853207,1,5866267
5847768,1,5865912
5845707,1,5865810
5845700,1,5865803
5858346,1,5865558
5857302,1,5865490
5857275,1,5865463
5856264,1,5865428
5856259,1,5865423
5853126,1,5865218
5847705,7,5864880
5856209,1,5864403
5856177,1,5864371
5856176,1,5864370
5854146,1,5864291
5853067,1,5864189
5845956,1,5869930
5845939,1,5869913
5845932,1,5868937
5845931,1,5868936
5845926,1,5868932
5845884,1,5868890
5845876,1,5868882
5857439,1,5867563
5845754,1,5866825
5845740,1,5866811
5844744,1,5866798
5845722,7,5865825
5845710,1,5865813
5845708,1,5865811
5836129,1,5814312
5837078,1,5813272
5837059,1,5812271
5836927,1,5810172
5836926,1,5810171
5836834,1,5809095
5835770,1,5809036
5839694,1,5804023
5845699,1,5865802
5845677,1,5865780
5843598,1,5865660
5858342,1,5865554
5856246,1,5865410
5855222,1,5865362
5855221,1,5865361
5855218,1,5865358
5857176,1,5863423
5857170,1,5863417
5856080,1,5862334
5853996,1,5862202
5851911,1,5862090
5851910,1,5862089
5844424,1,5861633
5854930,1,5861193
5853938,1,5861177
5852881,1,5861096
5856998,1,5860342
5854929,1,5860224
5853852,1,5860124
5853825,1,5860097
5856890,1,5859266
5853775,1,5859079
5851666,1,5858946
5846301,1,5858646
5854754,1,5858114
5844154,1,5857492
5856796,1,5857233
5854700,1,5857089
5845137,1,5856528
5847154,1,5855612
5842958,1,5855333
5857668,1,5855189
5854590,1,5855039
5853534,1,5854959
5855552,1,5854057
5854529,1,5854010
5854528,1,5854009
5860519,1,5852223
5861481,1,5850219
5860418,1,5850165
5860416,1,5850163
5859178,1,5847964
5861289,1,5847092
5860143,1,5845976
5860122,1,5845955
5858997,1,5844841
5850354,1,5854773
5850352,1,5854771
5850351,1,5854770
5850350,1,5854769
5850349,1,5854768
5850345,1,5854764
5850344,1,5854763
5847099,1,5854586
5853492,1,5853949
5852434,1,5853867
5852417,1,5853850
5851354,1,5853794
5851328,1,5853768
5850262,1,5853714
5850256,1,5853708
5850243,1,5853695
5863665,1,5852402
5859371,1,5851099
5859370,1,5851098
5859369,1,5851097
5865568,1,5849409
5861410,1,5849172
5859255,1,5849024
5866616,1,5848436
5859192,1,5847978
5861264,1,5847068
5859102,1,5846907
5867548,1,5846400
5867531,1,5846383
5861209,1,5846035
5861203,1,5846029
5861116,1,5844965
5867409,1,5844309
5867408,1,5844308
5867407,1,5844307
5867404,1,5844304
5861046,1,5843917
5859989,1,5843868
5858904,1,5843767
5867377,1,5843299
5867350,1,5843273
5861017,1,5842910
5859884,1,5842787
5844945,1,5869902
5843883,1,5869816
5842872,1,5869780
5842810,1,5869719
5857535,1,5869594
5844867,1,5868856
5842804,1,5868744
5842779,1,5868720
5858545,1,5868660
5858529,1,5868644
5854371,1,5868390
5843761,7,5867759
5843740,1,5867738
5842708,1,5867682
5858482,1,5867630
5856399,1,5867499
5854280,1,5867332
5843680,1,5866710
5855299,1,5866407
5854278,1,5866361
5854274,1,5866358
5844651,1,5865737
5843593,7,5865655
5842600,1,5865638
5842580,1,5865618
5844591,1,5864707
5843549,1,5864641
5842540,3,5864608
5842537,3,5864605
5842494,1,5864562
5842487,1,5864555
5844540,1,5863685
5842453,1,5863550
5855069,1,5863268
5853008,1,5863159
5852990,1,5863141
5844448,1,5862624
5844447,1,5862623
5844445,1,5862621
5844444,1,5862620
5844442,1,5862618
5844441,1,5862617
5844439,1,5862615
5844438,1,5862614
5857124,1,5862402
5852921,1,5862103
5844430,1,5861638
5858081,1,5861416
5857017,1,5861328
5855992,1,5861279
5855976,1,5861263
5854962,1,5861225
5847458,1,5860760
5844356,1,5860598
5856993,1,5860337
5854884,1,5860180
5854883,1,5860179
5854882,1,5860178
5853860,7,5860132
5853845,1,5860117
5853843,1,5860115
5852837,1,5860085
5847419,1,5859754
5843243,5,5859494
5843243,23,6060832
5848162,3,5855644
5865092,1,5842072
5860933,1,5841846
5859830,1,5841756
5842060,1,5841706
5860869,1,5840800
5867155,1,5840138
5867154,1,5840137
5863911,1,5839902
5867097,1,5839101
5867091,1,5839095
5863909,1,5838916
5867011,1,5838038
5864829,1,5837881
5859595,1,5837597
5859594,1,5837596
5866943,1,5836994
5866942,1,5836993
5866941,1,5836992
5843498,1,5863619
5855604,1,5855077
5865722,1,5851521
5864575,1,5850376
5864573,1,5850374
5866189,1,5841138
5865898,1,5836925
5840542,1,5816670
5836521,1,5803870
5836520,1,5803869
5847265,1,5857662
5857838,1,5857299
5856803,1,5857240
5854732,1,5857120
5854731,1,5857119
5854684,1,5857073
5847211,1,5856637
5858793,1,5856305
5852564,1,5855937
5864579,1,5850380
5864577,1,5850378
5864562,1,5850363
5864443,1,5848282
5865378,1,5846279
5865376,1,5846277
5865375,1,5846276
5865374,1,5846275
5864328,1,5846205
5864180,1,5844098
5864170,1,5843108
5864168,1,5843106
5864167,1,5843105
5867112,1,5840095
5867055,1,5839059
5859657,1,5838638
5835308,1,5818433
5837199,1,5814377
5855879,1,5859231
5852773,1,5859053
5852755,8,5859035
5847342,1,5858709
5847331,1,5858698
5844192,1,5858499
5843195,1,5858477
5843164,1,5858447
5843163,1,5858446
5843139,1,5858422
5856836,1,5858244
5854748,1,5858108
5853732,1,5858068
5847291,1,5857688
5847258,1,5857655
5844157,1,5857495
5844140,1,5857478
5845136,1,5856527
5845133,1,5856524
5845104,1,5856495
5855676,1,5856121
5853613,1,5856010
5852562,1,5855935
5847144,1,5855602
5845051,1,5855474
5843980,1,5855379
5858765,1,5855308
5855601,1,5855074
5854593,1,5855042
5854584,1,5855033
5852482,1,5854883
5845006,1,5854458
5856615,1,5854143
5853478,7,5853935
5860603,1,5853287
5859537,1,5853227
5860463,1,5851189
5859396,1,5851124
5859299,1,5850047
5864536,1,5849358
5859266,1,5849035
5861263,1,5847067
5866445,1,5845321
5859022,1,5844866
5866328,1,5844225
5858932,1,5843795
5858931,1,5843794
5867296,1,5842240
5866164,1,5841114
5866163,1,5841113
5860873,1,5840804
5860856,1,5840787
5860840,1,5840771
5859768,1,5840713
5859725,7,5839690
5865998,1,5838984
5864934,1,5838965
5864933,1,5838964
5859631,1,5838612
5859622,1,5838603
5860646,1,5837640
5865893,1,5836920
5855962,1,5860282
5855964,1,6037052
5847905,1,5867985
5860440,1,5851166
5841714,1,5818805
5836901,1,5810146
5831201,1,5819239
5837417,1,5818533
5837411,1,5818527
5840597,1,5817709
5837399,1,5817532
5837391,1,5817524
5837385,1,5817518
5837377,1,5817510
5837371,1,5817504
5837347,1,5817480
5837337,1,5816485
5837328,1,5816477
5837326,1,5816475
5837305,1,5816454
5837297,1,5816446
5837287,1,5816436
5837282,1,5816431
5835159,1,5816317
5840474,1,5815616
5837269,1,5815431
5839308,1,5814471
5840306,1,5813479
5839268,1,5813447
5837038,1,5812250
5837007,1,5812219
5840195,1,5811405
5834857,1,5811094
5834852,1,5811089
5840128,1,5810353
5840123,1,5810348
5836934,1,5810179
5834741,1,5809993
5834719,1,5808987
5834654,1,5807940
5838859,1,5807141
5840758,1,5804081
5836727,1,6044413
5849015,1,6038655
5848601,1,6037547
5837769,1,5807057
5836728,1,5807023
5841886,1,5804206
5837590,1,5803931
5837577,1,5803918
5835447,1,5803801
5835428,1,5803782
5832217,1,5803567
5832215,1,5803565
5860544,1,5852248
5860169,1,5846980
5860705,1,5838676
5837008,1,5812220
5843200,1,5859451
5844218,1,5858525
5857910,1,5858342
5850573,1,5857893
5850458,1,5856810
5847133,1,5855591
5842990,1,5855365
5858759,1,5855303
5855558,1,5854063
5854519,1,5854000
5853440,1,5853897
5851329,1,5853769
5850293,1,5853745
5850248,1,5853700
5859539,1,5853229
5865435,1,5847317
5861105,1,5844954
5861004,1,5842897
5859905,1,5842808
5867301,1,5842245
5867222,1,5841184
5867213,1,5841175
5867205,1,5841167
5867185,1,5841147
5867110,1,5839113
5867098,1,5839102
5836431,1,5819536
5841722,1,5818813
5841699,1,5818790
5840689,1,5818784
5839559,1,5818661
5838487,1,5818595
5835305,1,5818430
5835273,1,5818398
5835272,1,5818397
5836304,1,5817442
5836303,1,5817441
5836302,1,5817440
5836293,1,5817431
5839416,1,5815563
5839371,1,5815519
5839365,1,5815513
5832891,1,5814080
5830827,1,5813945
5850212,1,5869173
5850187,1,5869148
5848014,1,5869061
5845818,1,5867857
5852223,1,5867233
5852219,1,5867229
5851172,1,5867188
5852088,1,5865168
5843536,1,5864628
5858245,1,5864487
5852007,1,5864120
5851975,1,5863121
5850854,1,5863002
5845505,1,5862701
5850815,1,5861997
5844417,1,5861626
5848487,1,5860813
5848486,1,5860812
5840342,1,5813515
5839228,1,5813407
5839227,1,5813406
5832861,1,5813065
5832806,1,5813011
5839124,1,5811340
5834805,1,5811042
5837867,1,5808138
5837866,1,5808137
5832799,1,6036999
5842825,1,5869734
5842824,1,5869733
5856526,1,5869561
5845840,1,5867879
5858481,1,5867629
5858469,1,5867617
5856412,1,5867512
5855339,1,5867415
5855325,1,5867401
5851162,1,5867178
5845764,1,5866835
5858394,1,5866574
5855308,1,5866416
5852139,1,5866184
5852138,1,5866183
5852137,1,5866182
5848820,1,5865978
5858358,1,5865570
5856230,1,5865394
5852061,1,5865141
5850989,1,5865073
5850988,1,5865072
5849952,1,5865047
5849951,1,5865046
5846660,1,5864810
5843527,1,5864619
5857231,1,5864449
5856211,1,5864405
5856196,1,5864390
5850928,1,5864044
5849874,1,5864001
5849848,1,5863975
5848734,1,5863959
5846619,1,5863798
5846618,1,5863797
5842430,1,5863527
5856148,1,5863371
5856138,1,5863361
5851939,1,5863085
5850894,1,5863042
5850858,1,5863006
5850855,1,5863003
5849810,1,5862970
5849809,1,5862969
5848610,1,5862869
5845506,1,5862702
5845494,1,5862690
5845492,1,5862688
5857114,1,5862392
5852968,1,5862150
5849761,1,5861956
5849758,1,5861954
5849734,1,5861930
5849733,1,5861929
5849732,1,5861928
5849731,1,5861927
5849730,1,5861926
5849724,1,5861920
5849721,1,5861917
5849703,1,5861899
5848575,1,5861868
5847503,1,5861772
5851826,1,5861039
5850768,1,5860985
5850767,1,5860984
5850758,1,5860975
5849702,1,5860933
5849686,1,5860918
5849685,1,5860917
5855963,1,5860283
5855960,1,5860280
5857951,1,5859351
5854809,1,5859137
5854808,1,5859136
5850638,1,5858925
5850595,1,5858882
5849544,1,5858848
5849530,1,5858834
5844234,1,5858540
5852697,1,5858009
5851631,1,5857944
5851630,1,5857943
5850564,1,5857884
5850563,1,5857883
5850562,1,5857882
5850561,1,5857881
5850550,1,5857870
5847272,1,5857669
5847271,1,5857668
5853397,1,5869360
5852375,1,5869316
5852374,1,5869315
5852341,1,5869282
5852333,1,5869274
5852332,1,5869273
5852331,1,5869272
5852329,1,5869270
5852328,1,5869269
5852326,1,5869267
5851257,1,5869205
5851256,1,5869204
5851255,1,5869203
5850241,1,5869200
5850220,1,5869181
5850218,1,5869179
5850217,1,5869178
5850214,1,5869175
5850213,1,5869174
5850201,1,5869162
5849040,1,5869089
5845900,1,5868906
5845893,1,5868899
5845891,1,5868897
5843846,1,5868810
5855438,1,5868481
5852311,1,5868286
5852307,7,5868282
5852259,1,5868234
5851251,1,5868232
5851250,1,5868231
5852631,1,5856972
5850502,1,5856854
5850480,1,5856832
5850479,1,5856831
5850478,1,5856830
5850464,1,5856816
5850463,1,5856815
5850462,1,5856814
5850449,1,5856801
5850443,1,5855829
5850432,1,5855819
5850424,1,5855811
5850413,1,5855800
5850412,1,5855799
5850411,1,5855798
5850388,1,5855775
5850387,1,5855774
5850386,1,5855773
5850383,1,5855770
5850382,1,5855769
5848197,1,5855679
5847155,1,5855613
5856645,1,5855142
5856643,1,5855140
5853541,1,5854966
5852491,1,5854892
5851448,1,5854856
5850376,1,5854794
5850375,1,5854793
5850355,1,5854774
5857561,1,5869620
5847856,1,5866968
5847855,1,5866967
5847786,1,5865930
5856280,1,5865444
5855928,1,5860248
5853616,1,5856013
5864576,1,5850377
5865379,1,5846280
5865377,1,5846278
5866451,1,5845326
5866432,1,5845308
5865247,1,5844189
5865034,1,5841029
5866120,1,5840088
5866078,1,5840046
5837086,1,5813280
5835652,1,5806953
5865731,1,6044458
5867171,1,6042372
5860747,1,6041876
5860527,1,5852231
5860491,1,5852195
5860371,1,5850119
5860336,1,5849107
5860283,1,5848072
5860774,1,5839727
5860749,1,5838719
5836270,1,5817408
5836268,1,5817406
5835143,1,5816301
5836002,1,5813202
5836861,1,5809122
5836816,1,5809077
5835552,1,5805869
5835530,1,5804865
5836491,1,5803840
5835423,1,5803777
5848544,1,5861837
5856949,1,5860293
5859621,1,5838602
5842538,1,5864606
5845871,1,5868877
5845711,1,5865814
5845687,1,5865790
5845685,1,5865788
5852565,1,5855938
5862684,1,5853378
5862508,1,5850261
5862500,1,5850253
5863465,1,5849263
5863421,1,5848236
5863272,1,5846125
5862153,1,5844023
5864026,1,5840998
5863848,1,5838855
5861766,1,5838725
5832999,2,5815170
5855977,1,5861264
5842950,1,5855325
5842932,1,5854336
5830406,1,5807625
5855639,1,6044990
5858960,1,6042905
5858630,1,6038681
5857460,1,6038646
5830938,1,6037523
5847951,1,6038653
5847692,1,6037580
5837195,1,6037511
5858513,1,5868628
5856432,1,5868499
5855404,1,5868447
5854385,1,5868404
5853353,1,5868348
5857427,1,5867551
5856400,1,5867500
5855377,1,5867453
5855376,1,5867452
5854308,1,5867360
5853281,1,5867309
5847863,1,5866975
5847846,1,5866958
5842657,1,5866663
5857376,1,5866532
5856311,1,5866443
5847810,1,5865954
5847773,1,5865917
5842587,1,5865625
5842572,1,5865610
5855210,1,5865350
5843547,1,5864639
5843546,1,5864638
5856225,1,5864418
5846593,1,5863772
5842437,1,5863534
5856105,1,5863328
5854031,1,5863206
5852995,1,5863146
5852994,1,5863145
5847599,1,5862834
5847586,1,5862821
5858118,1,5862420
5856052,1,5862306
5848596,1,5861889
5848580,1,5861873
5843336,1,5861521
5842292,1,5861453
5854959,1,5861222
5854944,1,5861207
5854943,1,5861206
5847499,1,5860800
5847474,1,5860776
5847446,1,5860748
5855953,1,5860273
5847415,1,5859750
5844239,1,5859514
5843210,1,5859461
5856884,1,5859260
5854863,1,5859190
5854842,1,5859170
5853824,1,5859127
5852757,1,5859037
5848369,1,5858760
5847369,1,5858735
5847345,1,5858712
5847335,1,5858702
5852671,1,5857983
5852660,1,5857972
5848314,1,5857735
5844156,1,5857494
5857818,1,5857279
5857800,1,5857261
5856779,1,5857216
5848232,1,5856682
5857786,1,5856278
5856728,1,5856197
5855694,1,5856139
5854609,1,5856030
5854606,1,5856027
5847113,1,5855571
5842984,1,5855359
5853536,1,5854961
5853535,1,5854960
5852479,1,5854880
5847103,1,5854590
5843957,1,5854385
5843934,1,5854362
5843933,1,5854361
5858635,1,5854212
5856613,1,5854142
5856612,1,5854141
5854533,1,5854014
5854510,1,5853991
5854477,1,5853958
5864779,1,5853520
5860598,1,5853282
5864416,1,5847274
5866368,1,5844265
5866333,1,5844230
5865209,1,5843171
5866195,1,5842130
5859747,1,5840692
5867146,1,5840129
5866110,1,5840078
5866109,1,5840077
5866107,1,5840075
5866091,1,5840059
5866076,1,5840044
5859718,1,5839683
5864898,1,5838929
5860692,1,5838663
5859585,1,5837587
5865876,1,5836903
5840700,1,5819781
5836403,1,5819508
5837382,1,5817515
5837358,1,5817491
5837349,1,5817482
5836021,1,5813221
5836019,1,5813219
5840187,1,5811397
5839144,1,5811360
5835910,1,5811146
5841203,1,5810422
5834678,1,5808946
5836710,1,5807006
5840793,1,5804116
5840788,1,5804111
5836480,1,5803829
5843881,1,5869814
5843868,1,5869801
5842862,1,5869771
5858612,5,5869695
5856535,1,5869570
5856519,1,5869554
5847987,1,5869034
5847960,1,5869007
5860597,1,5853281
5866904,1,5852642
5865745,1,5852525
5865744,1,5852524
5866813,1,5851571
5866766,7,5850544
5866731,1,5850509
5865640,1,5850459
5860383,1,5850131
5866692,1,5849492
5865556,1,5849397
5866624,1,5848444
5866612,3,5848432
5866609,1,5848429
5846812,1,5866899
5856136,1,5863359
5858792,1,5856304
5858785,1,5856297
5853448,1,5853905
5831027,1,5817098
5830477,1,5808678
5847565,1,5861833
5845344,1,5859641
5845343,1,5859640
5847328,1,5858695
5848193,1,5855675
5838523,1,5818631
5833673,1,5809923
5833582,1,5807866
5837787,1,5807075
5836662,1,5805973
5837588,1,5803929
5860627,1,5837621
5865896,1,5836923
5836458,1,5819563
5837426,1,5818542
5837416,1,5818532
5836368,1,5818489
5840616,1,5817728
5837388,1,5817521
5837348,1,5817481
5836287,1,5817425
5835264,1,5817405
5835256,1,5817398
5840538,1,5816666
5840494,1,5816622
5837310,1,5816459
5836245,1,5816399
5836218,1,5816372
5835171,1,5816329
5840487,1,5815628
5837266,1,5815428
5836108,1,5814292
5841334,1,5812519
5841300,1,5812485
5837058,1,5812270
5841232,1,5811436
5840221,1,5811430
5840132,1,5810357
5836935,1,5810180
5836904,1,5810149
5834742,1,5809994
5841157,1,5809391
5834732,1,5808999
5834669,1,5808937
5841033,1,5808286
5839983,1,5808242
5836788,1,5808067
5836775,1,5808054
5836749,1,5808028
5836748,1,5808027
5835729,1,5808012
5835679,1,5807963
5839908,1,5807184
5836692,1,5806988
5835617,1,5806918
5835609,1,5806910
5835574,1,5805891
5835546,1,5805863
5835542,1,5805859
5835538,1,5805855
5836560,1,5804891
5835522,1,5804858
5835492,1,5804828
5836532,1,5803880
5861014,1,5842907
5860978,1,5842871
5860967,1,5842860
5859911,1,5842814
5859878,1,5841802
5859769,1,5840714
5866046,1,5839032
5865995,1,5838000
5865994,1,5837999
5865986,1,5837992
5859563,1,5837565
5866924,1,5836975
5866923,1,5836974
5865922,1,5836949
5841764,1,5819841
5841763,1,5819840
5835397,1,5819506
5835371,1,5819481
5835370,1,5819480
5835369,1,5819479
5835335,1,5819445
5835334,1,5819444
5835333,1,5819443
5835332,1,5819442
5831149,1,5819187
5836399,1,5818519
5836360,1,5818481
5835301,1,5818426
5835269,1,5818394
5836251,1,5816405
5839360,1,5815508
5835130,1,5815300
5835123,1,5815294
5835681,1,5807965
5838046,1,5811268
5836997,1,5811227
5836921,1,5810166
5836920,1,5810165
5833205,1,5819314
5842966,1,5855341
5832967,1,5815139
5831750,1,5812945
5861220,1,6043415
5832995,1,6037525
5842845,1,5869754
5845334,1,5859632
5855716,1,5857129
5860438,1,5851164
5860437,1,5851163
5861181,1,5846007
5856252,1,5865416
5841702,1,5818793
5841701,1,5818792
5839435,1,5816569
5851847,1,6037064
5856514,1,5869549
5842749,1,5868690
5858536,8,5868651
5855414,1,5868457
5843758,1,5867756
5855348,1,5867424
5844732,1,5866786
5844719,1,5866773
5844718,1,5866772
5857393,1,5866549
5857392,1,5866548
5857350,1,5866506
5849953,1,5865048
5847666,1,5863870
5845606,1,5863769
5844552,1,5863697
5856134,1,5863357
5856133,1,5863356
5848641,1,5862900
5847612,1,5862847
5844371,1,5861580
5855983,1,5861270
5857994,1,5860362
5854908,1,5860204
5854891,1,5860187
5853833,1,5860105
5844252,1,5859527
5843206,1,5859457
5842202,1,5859429
5842201,1,5859428
5842182,1,5859409
5852731,1,5859011
5852730,1,5859010
5852729,1,5859009
5846310,1,5858655
5845223,1,5858554
5845222,1,5858553
5842125,1,5858385
5842124,1,5858384
5842123,1,5858383
5855767,1,5857180
5855704,1,5856149
5855648,1,5856093
5854562,1,5855011
5843937,1,5854365
5842886,1,5854290
5857598,1,5854151
5857597,1,5854150
5857596,1,5854149
5849217,1,5853688
5859540,1,5853230
5859524,1,5853214
5859521,1,5853211
5864732,1,5852492
5864707,1,5852467
5860548,1,5852251
5859423,1,5852131
5864637,1,5851418
5864636,1,5851417
5859363,1,5851091
5859292,1,5850040
5861242,1,5847046
5861212,1,5846038
5861180,1,5846006
5866434,1,5845310
5866338,1,5844235
5842078,1,5841724
5842043,1,5841689
5842042,1,5841688
5842040,1,5841686
5842039,1,5841685
5867244,1,5841205
5867243,1,5841204
5867240,1,5841201
5866156,1,5841106
5865890,1,5836917
5841778,1,5819855
5841770,1,5819847
5835354,1,5819464
5832163,1,5819268
5840672,1,5818768
5835304,1,5818429
5835303,1,5818428
5834205,1,5818331
5841654,1,5817760
5841653,1,5817759
5839467,1,5816601
5841504,1,5815640
5832952,1,5815124
5840390,1,5814547
5835014,1,5814200
5833968,1,5814153
5832876,1,5814065
5830815,1,5813933
5840341,1,5813514
5840340,1,5813513
5837084,1,5813278
5839123,1,5811339
5839122,1,5811338
5834860,1,5811097
5834775,1,5810027
5834737,1,5809989
5838990,1,5809237
5837920,1,5809173
5838823,1,5807105
5838822,1,5807104
5835642,1,5806943
5839796,1,5805107
5838737,1,5805054
5841887,1,5804207
5837552,1,5803893
5834370,1,5803726
5834369,1,5803725
5831176,1,5819214
5831097,1,5818151
5830966,1,5816053
5830965,1,5816052
5830654,1,5810821
5830581,1,5809763
5830533,1,5808734
5830524,1,5808725
5831410,1,5807690
5831409,1,5806704
5831388,1,5806684
5831361,1,5806657
5830371,1,5806606
5831216,1,5804547
5841559,1,5815694
5841503,1,5815639
5841502,1,5815638
5839372,1,5815520
5834044,1,5815214
5834043,1,5815213
5832953,1,5815125
5834001,1,5814185
5833989,1,5814174
5833971,1,5814156
5833970,1,5814155
5833969,1,5814154
5834987,1,5813188
5831794,1,5812989
5830763,1,5812897
5840280,1,5812471
5840276,1,5812467
5839201,1,5812398
5839185,1,5812382
5839176,1,5812373
5839175,1,5812372
5839172,1,5812369
5838124,1,5812327
5838089,1,5812292
5834887,1,5812105
5841289,1,5811493
5840190,1,5811400
5840164,1,5811374
5839091,1,5811307
5834806,7,5811043
5833783,1,5811017
5833739,1,5810973
5836923,1,5810168
5841094,1,5809329
5838985,1,5809232
5837921,1,5809174
5834698,1,5808966
5839959,1,5808218
5838886,1,5808151
5836782,1,5808061
5840996,1,5807266
5838833,1,5807115
5838827,1,5807109
5834567,1,5806870
5839854,1,5806146
5838765,1,5806063
5834477,1,5805798
5834476,1,5805797
5834475,1,5805796
5834474,1,5805795
5832331,1,5804664
5832330,1,5804663
5830204,1,5804474
5840768,1,5804091
5840767,1,5804090
5833303,1,5803656
5847941,1,5868021
5842705,1,5867679
5842699,1,5867673
5848911,1,5867033
5848878,1,5866034
5853142,1,5865234
5848794,1,5864987
5848768,1,5864961
5844577,1,5864693
5843573,1,5864665
5854138,1,5864284
5848691,1,5863917
5848674,1,5863900
5844524,1,5863669
5843521,1,5863641
5848650,1,5862909
5846590,1,5862799
5843409,1,5862561
5858173,1,5862475
5851875,1,5862054
5846510,1,5861754
5858054,1,5861389
5858053,1,5861388
5857028,1,5861339
5851810,1,5861023
5846431,1,5860709
5843294,1,5860512
5843276,1,5860494
5842274,1,5860468
5855965,1,5860284
5851781,1,5860028
5851769,1,5860016
5851759,1,5860006
5851734,1,5859981
5851733,1,5859980
5844243,1,5859518
5844242,1,5859517
5844241,1,5859516
5842207,1,5859434
5842206,1,5859433
5851696,1,5858976
5849555,1,5858859
5846277,1,5858622
5843187,1,5858470
5852675,1,5857987
5849452,1,5857789
5849451,1,5857788
5846222,1,5857598
5843096,1,5857410
5856774,1,5857211
5854680,1,5857069
5846197,1,5856602
5858811,1,5856323
5858788,1,5856300
5853587,1,5855984
5849302,1,5855707
5846130,1,5855568
5846072,1,5855511
5843995,1,5855394
5846015,1,5854484
5865816,1,5853577
5861644,1,5853315
5859506,1,5853196
5859493,1,5853183
5866886,1,5852625
5866885,1,5852624
5866884,1,5852623
5865787,1,5852567
5866824,1,5851582
5866797,1,5851555
5865730,1,5851529
5859382,1,5851110
5865653,1,5850472
5859343,1,5850091
5859294,1,5850042
5865569,1,5849410
5866629,1,5848449
5866593,1,5848413
5866592,1,5848412
5866591,1,5848411
5859168,1,5847954
5859140,1,5846945
5859072,1,5845897
5859065,1,5845890
5859033,1,5845858
5860074,1,5844930
5860073,1,5844929
5860069,1,5844925
5860068,1,5844924
5860043,1,5844899
5859009,1,5844853
5860000,1,5843879
5855614,1,5855087
5849268,1,5854706
5861396,1,5849158
5860100,1,5845933
5832144,1,5819249
5836397,1,5818517
5836240,1,5816394
5836183,1,5815351
5837183,1,5814362
5837161,1,5814340
5836914,1,5810159
5835605,1,5806906
5835549,1,5805866
5849088,1,5870102
5849825,1,5862985
5840854,1,5805159
5841854,1,5804174
5836795,1,6044433
5867103,1,6041881
5836460,1,6038609
5851182,1,6038105
5851116,1,6038087
5858369,1,6038077
5839366,1,5815514
5846062,1,6044979
5835798,1,6044920
5836660,1,6044394
5866706,1,6043947
5865602,1,6043946
5836535,1,6043884
5859610,1,6041855
5845982,1,5869956
5845841,1,5867880
5845817,1,5867856
5861755,1,5837736
5861752,1,5837733
5861751,1,5837732
5861750,1,5837731
5863714,1,6044475
5837003,1,6036985
5855340,1,5867416
5855326,1,5867402
5845795,1,5866866
5855309,1,5866417
5849741,1,5861937
5850586,1,5858873
5863727,1,5853445
5863726,1,5853444
5863725,1,5853443
5863724,1,5853442
5863723,1,5853441
5863722,1,5853440
5863721,1,5853439
5863720,1,5853438
5863719,1,5853437
5860576,1,5853260
5863713,1,5852450
5863712,1,5852449
5863637,1,5851394
5863629,1,5851386
5862592,1,5851325
5860439,1,5851165
5863562,1,5850339
5862536,1,5850289
5862517,1,5850270
5863503,1,5849301
5863499,1,5849297
5863498,1,5849296
5863398,1,5848213
5862375,1,5848166
5861311,1,5848093
5863338,1,5847172
5863335,1,5847169
5862342,1,5847152
5862335,1,5847145
5863230,1,5845104
5863197,1,5845071
5862194,1,5845044
5862193,1,5845043
5863188,1,5844082
5863135,1,5844029
5862151,1,5844021
5862150,1,5844020
5862149,1,5844019
5862143,1,5844013
5862142,1,5844012
5864091,1,5842047
5864083,1,5842039
5863059,1,5841991
5863058,1,5841990
5863057,1,5841989
5863048,1,5841980
5864008,1,5840980
5863980,1,5840952
5862954,1,5840901
5862953,1,5840900
5862952,1,5840899
5862938,1,5840885
5861925,1,5840848
5861923,1,5840846
5861922,1,5840845
5861906,1,5840829
5861905,1,5840828
5861904,1,5840827
5863975,1,5839965
5863973,1,5839964
5863972,1,5839963
5863971,1,5839962
5863920,1,5839911
5863919,1,5839910
5863918,1,5839909
5863917,1,5839908
5863916,1,5839907
5862899,1,5839866
5862898,1,5839865
5863877,1,5838884
5863856,1,5838863
5861821,1,5838780
5862798,1,5837803
5862797,1,5837802
5862796,1,5837801
5862795,1,5837800
5862783,1,5837788
5861756,1,5837737
5836404,1,5819509
5830162,1,5819139
5832094,1,5818214
5832093,1,5818213
5831949,1,5816100
5830962,1,5816049
5837221,1,5815384
5836148,1,5815316
5831888,1,5815052
5830892,1,5814993
5831749,1,5812944
5830703,1,5811854
5831321,1,5805635
5843359,1,5861544
5852871,1,5861086
5843112,1,5857426
5854720,1,5857109
5842954,1,5855329
5867363,1,5843286
5832158,3,5819263
5832157,3,5819262
5831203,1,5819241
5831198,1,5819236
5831169,1,5819207
5830176,1,5819153
5830173,1,5819150
5832101,1,5818221
5831096,1,5818150
5832022,1,5817158
5831059,1,5817130
5831966,1,5816117
5830957,1,5816044
5832980,1,5815152
5831880,1,5815044
5830878,1,5814979
5835021,1,5814207
5831842,1,5814022
5831832,1,5814012
5830848,1,5813966
5830838,1,5813956
5830823,1,5813941
5830785,1,5812919
5831735,1,5811946
5831720,1,5811931
5831684,1,5811895
5831682,1,5811893
5830739,1,5811889
5830720,1,5811871
5830714,1,5811865
5830711,1,5811862
5830684,1,5811835
5831669,1,5810896
5831646,1,5810873
5830658,1,5810825
5831607,1,5809849
5831606,1,5809848
5831600,1,5809843
5831598,1,5809841
5831590,1,5809833
5831586,1,5809829
5831561,1,5809804
5831560,1,5809803
5840486,1,6037533
5839347,1,6037514
5843388,1,6037072
5843323,1,6037056
5852845,1,6037049
5841423,1,6037027
5839281,1,6037025
5838208,1,6037024
5840285,1,6037007
5834930,1,6037001
5839146,1,6036987
5853754,1,6036547
5856809,1,6036534
5844103,1,6036522
5854664,1,6036516
5851849,1,5861061
5835028,1,5814214
5845386,1,5860650
5845385,1,5860649
5845378,1,5860642
5845354,1,5860618
5845347,1,5860611
5844367,1,5860608
5844306,1,5860548
5844305,1,5860547
5843325,1,5860542
5843324,1,5860541
5843316,6,5860534
5843301,7,5860519
5843293,1,5860511
5843290,1,5860508
5843289,1,5860507
5842286,1,5860479
5842264,1,5860458
5842255,1,5860449
5858048,1,5860415
5858025,1,5860393
5855955,1,5860275
5855949,1,5860269
5855941,1,5860261
5855916,1,5860236
5854916,1,5860212
5853883,1,5860155
5853869,1,5860141
5853842,1,5860114
5852815,7,5860063
5851771,1,5860018
5851767,1,5860014
5851755,1,5860002
5851737,1,5859984
5851726,1,5859973
5851725,1,5859972
5849591,1,5859860
5848452,1,5859811
5848444,1,5859803
5848433,8,5859792
5848430,1,5859789
5848428,1,5859787
5847434,1,5859768
5847414,1,5859749
5847406,1,5859741
5846378,1,5859690
5846347,1,5859659
5846337,1,5859649
5845338,1,5859636
5845332,1,5859630
5845321,1,5859619
5845320,1,5859618
5845319,1,5859617
5845318,1,5859616
5845314,1,5859612
5845312,1,5859610
5845311,1,5859609
5845299,1,5859597
5844302,1,5859576
5844285,1,5859560
5844278,1,5859553
5844265,1,5859540
5844256,4,5859531
5843224,1,5859475
5857968,1,5859368
5857927,1,5859327
5856907,1,5859283
5855878,1,5859230
5855858,1,5859210
5853767,1,5859071
5851704,1,5858984
5851701,1,5858981
5851699,1,5858979
5851698,1,5858978
5851697,1,5858977
5851690,1,5858970
5851680,1,5858960
5851673,1,5858953
5851672,1,5858952
5851664,1,5858944
5851660,1,5858940
5851659,1,5858939
5851658,1,5858938
5848393,1,5858784
5848367,7,5858758
5848354,1,5858745
5848352,1,5858743
5848351,1,5858742
5847324,1,5858691
5847322,1,5858689
5846317,1,5858662
5846312,1,5858657
5846295,1,5858640
5846268,1,5858613
5845276,1,5858606
5845272,1,5858603
5845269,1,5858600
5845260,1,5858591
5845250,1,5858581
5845240,1,5858571
5845232,1,5858563
5845225,1,5858556
5845221,1,5858552
5845215,1,5858546
5844227,1,5858534
5844217,1,5858524
5844216,1,5858523
5844211,1,5858518
5843171,1,5858454
5843152,1,5858435
5843150,1,5858433
5843148,1,5858431
5843140,1,5858423
5842140,1,5858400
5857908,1,5858340
5857906,1,5858338
5855779,1,5858163
5853387,1,5869350
5854330,1,5867382
5845647,1,5864781
5830429,1,5807648
5841961,1,5806246
5854338,1,5867390
5854307,1,5867359
5854306,1,5867358
5854305,1,5867357
5853297,1,5867325
5853295,1,5867323
5850105,1,5867133
5850100,1,5867128
5850092,1,5867121
5848903,1,5867025
5844746,1,5866800
5844722,1,5866776
5844714,1,5866768
5844704,1,5866758
5844702,1,5866756
5843654,1,5866684
5842649,1,5866655
5842619,1,5866625
5858392,1,5866572
5857363,1,5866519
5856340,1,5866472
5856309,1,5866441
5855303,1,5866411
5855279,1,5866387
5854253,1,5866337
5854250,1,5866334
5854228,1,5866312
5853237,1,5866296
5853184,1,5866244
5848863,1,5866021
5847823,1,5865966
5847817,1,5865961
5847809,1,5865953
5847790,1,5865934
5844689,1,5865774
5844655,1,5865741
5844654,1,5865740
5844653,1,5865739
5844633,1,5865719
5844629,1,5865715
5843626,1,5865688
5843614,1,5865676
5843612,1,5865674
5842610,1,5865647
5842609,1,5865646
5842588,1,5865626
5842569,1,5865607
5842565,1,5865603
5844520,1,5863665
5843502,1,5863623
5843477,1,5863598
5842465,1,5863562
5858240,1,5863510
5858236,1,5863507
5858223,1,5863494
5858198,1,5863469
5856157,1,5863380
5855088,1,5863287
5855087,1,5863286
5855077,1,5863276
5854059,1,5863234
5854055,1,5863230
5854037,1,5863212
5854027,1,5863202
5853038,1,5863189
5853023,1,5863174
5853006,1,5863157
5851932,1,5863078
5851927,1,5863073
5851926,1,5863072
5848640,1,5862899
5848633,1,5862892
5845535,1,5862731
5845518,1,5862714
5845517,1,5862713
5845510,1,5862706
5845500,1,5862696
5845497,1,5862693
5845496,1,5862692
5845491,1,5862687
5843452,1,5862604
5843436,1,5862588
5843404,1,5862556
5843400,1,5862552
5842414,1,5862541
5842368,1,5862496
5858157,1,5862459
5857118,1,5862396
5856040,1,5862294
5855043,7,5862273
5855006,1,5862236
5855004,1,5862234
5854997,1,5862227
5853992,1,5862198
5853957,1,5862163
5852950,1,5862132
5852937,1,5862119
5842554,7,5865592
5858337,1,5865549
5858320,1,5865532
5858310,1,5865522
5857309,1,5865497
5856285,1,5865449
5856276,1,5865440
5856242,1,5865406
5855213,1,5865353
5854212,1,5865327
5854177,1,5865293
5853115,1,5865207
5853114,1,5865206
5848796,1,5864989
5848795,1,5864988
5847726,1,5864901
5847710,1,5864885
5846665,1,5864815
5845653,1,5864787
5845618,1,5864752
5845615,1,5864749
5844620,1,5864736
5844619,1,5864735
5844617,1,5864733
5844614,1,5864730
5844612,1,5864728
5844611,1,5864727
5844600,1,5864716
5844576,1,5864692
5844572,1,5864688
5844571,1,5864687
5844565,1,5864681
5843569,1,5864661
5843568,1,5864660
5843567,1,5864659
5843552,1,5864644
5842524,1,5864592
5842504,1,5864572
5842500,1,5864568
5858278,1,5864520
5858266,1,5864508
5858258,1,5864500
5857230,1,5864448
5857215,1,5864433
5857210,1,5864428
5856221,1,5864415
5856208,1,5864402
5855182,1,5864352
5855171,1,5864341
5855159,1,5864329
5855152,1,5864322
5854130,7,5864276
5854127,1,5864273
5854122,1,5864268
5854109,1,5864255
5853063,1,5864185
5853054,1,5864176
5847669,1,5863873
5847668,1,5863872
5847663,1,5863867
5847644,1,5863848
5845608,1,5863771
5845602,1,5863766
5845578,1,5863742
5845575,1,5863739
5845574,1,5863738
5845556,1,5863720
5845547,1,5863711
5845546,1,5863710
5852923,1,5862105
5851899,1,5862078
5851884,1,5862063
5851883,1,5862062
5851870,1,5862049
5851865,1,5862044
5851863,1,5862042
5851855,1,5862034
5848594,1,5861887
5848573,1,5861866
5848569,1,5861862
5848548,1,5861841
5847550,1,5861819
5847512,1,5861781
5846506,1,5861750
5846475,1,5861719
5846467,1,5861711
5846464,1,5861708
5845475,1,5861704
5845466,1,5861696
5845454,1,5861684
5845436,1,5861666
5845431,1,5861661
5845427,1,5861657
5845426,1,5861656
5845425,1,5861655
5845424,1,5861654
5845423,1,5861653
5845419,1,5861649
5845418,1,5861648
5845417,1,5861647
5845414,1,5861644
5844431,1,5861639
5844399,1,5861608
5844372,1,5861581
5843358,1,5861543
5843356,1,5861541
5858097,1,5861432
5858089,1,5861424
5858062,1,5861397
5858059,1,5861394
5857072,1,5861382
5857057,1,5861368
5852908,1,5861123
5852907,1,5861122
5852901,1,5861116
5852886,1,5861101
5851851,1,5861063
5851819,1,5861032
5851817,1,5861030
5851811,1,5861024
5849664,1,5860896
5848538,1,5860863
5848504,1,5860830
5847470,1,5860772
5847465,1,5860767
5847455,1,5860757
5847440,1,5860742
5846447,1,5860725
5846422,1,5860700
5846416,1,5860694
5846407,1,5860685
5845402,1,5860666
5845400,1,5860664
5845394,1,5860658
5845392,1,5860656
5858565,1,6038664
5862752,1,5837757
5854466,1,5869453
5845656,1,5864790
5850884,1,5863032
5850592,1,5858879
5861699,1,5853369
5861697,1,5853368
5835395,1,5819504
5841758,1,5818848
5835161,1,5816319
5856485,1,6038662
5853365,1,6038659
5855379,1,6038644
5838610,1,6038612
5833265,1,6038605
5850107,1,6038104
5843713,1,6038096
5857394,1,6038093
5854275,1,6038090
5837401,1,6038039
5834195,1,6038034
5837334,1,6038020
5834129,1,6038015
5836119,1,5814303
5850181,1,5869142
5850160,1,5868155
5848630,1,5862889
5847546,1,5861815
5850591,1,5858878
5853756,1,5858091
5866910,1,5836961
5835255,1,5817397
5836204,1,5816358
5839370,1,5815518
5837947,1,5810184
5835688,1,5807972
5839758,1,5805069
5839757,1,5805068
5839756,1,5805067
5835510,1,5804846
5835466,1,5804802
5853299,1,6038107
5836173,1,5815341
5840375,1,5814532
5835903,1,5811139
5840121,1,5810346
5836885,1,5810130
5839007,1,5809254
5835689,1,5807973
5835602,1,5806903
5838754,1,5806052
5838709,1,5805026
5831141,1,5818194
5831082,1,5818136
5831001,1,5816088
5830601,1,5809783
5860285,1,5848074
5860197,1,5847008
5837243,1,5815406
5837242,1,5815405
5836859,1,5809120
5861528,1,5851243
5861527,1,5851242
5861516,1,5851231
5861510,1,5851225
5861502,1,5851217
5859367,1,5851095
5861440,1,5850178
5861436,1,5850174
5860368,1,5850116
5867558,1,5846410
5867555,1,5846407
5867553,1,5846405
5867547,1,5846399
5867542,1,5846394
5867525,1,5846377
5867524,1,5846376
5867523,1,5846375
5861206,1,5846032
5860137,1,5845970
5867502,1,5845378
5867501,1,5845377
5867473,1,5845349
5865330,1,5845252
5864282,1,5845180
5861149,1,5844998
5861129,1,5844978
5860083,1,5844938
5867312,1,5842255
5867282,1,5842226
5867261,1,5842205
5866198,1,5842133
5860942,1,5841855
5860941,1,5841854
5860910,1,5841823
5859860,1,5841786
5859839,1,5841765
5859833,1,5841759
5859821,1,5841747
5859804,1,5840749
5861732,1,5837713
5866912,1,5836963
5866688,1,5849488
5837060,1,5812272
5835859,1,5810109
5835858,1,5810108
5836605,1,5805917
5838715,1,5805032
5838650,1,5803985
5863264,1,5846117
5862178,1,5845028
5862892,1,5839859
5863843,1,5837872
5862791,1,5837796
5833363,1,5804698
5849633,1,5859900
5849601,1,5859870
5847433,1,5859767
5847421,1,5859756
5847374,1,5859709
5847372,1,5859707
5843235,1,5859486
5853797,1,5859101
5850642,1,5858928
5850639,1,5858926
5850610,1,5858897
5850601,1,5858888
5850597,1,5858884
5850588,1,5858875
5849564,1,5858867
5849562,1,5858866
5849556,1,5858860
5849551,1,5858855
5849550,1,5858854
5849542,1,5858846
5849538,1,5858842
5849534,1,5858838
5848394,1,5858785
5848371,1,5858762
5847364,1,5858731
5843168,1,5858451
5843160,1,5858443
5857912,1,5858344
5857898,1,5858330
5855825,1,5858209
5853711,1,5858047
5853700,1,5858036
5851636,1,5857949
5851625,1,5857938
5851624,1,5857937
5851606,1,5857919
5851600,1,5857913
5851599,1,5857912
5850581,1,5857900
5850580,1,5857899
5850568,1,5857888
5850567,1,5857887
5850566,1,5857886
5850560,1,5857880
5850557,1,5857877
5850556,1,5857876
5850551,1,5857871
5850547,1,5857867
5850534,1,5857854
5847120,1,5855578
5846082,1,5855521
5858733,1,5855277
5858732,1,5855276
5858715,1,5855259
5857723,1,5855243
5855590,1,5855063
5852511,1,5854912
5851449,1,5854857
5851445,1,5854853
5851433,1,5854841
5851402,1,5854810
5850335,1,5854754
5850331,1,5854750
5850330,1,5854749
5850329,1,5854748
5850322,1,5854741
5849283,1,5854720
5849251,1,5854689
5849238,1,5854676
5849234,1,5854672
5848138,1,5854649
5848109,1,5854620
5847110,1,5854596
5842878,1,5854282
5858700,1,5854276
5857624,1,5854177
5856604,1,5854133
5854488,1,5853969
5852453,1,5853886
5852438,1,5853871
5852437,1,5853870
5852433,1,5853866
5852428,1,5853861
5852421,1,5853854
5852420,1,5853853
5852419,1,5853852
5852418,1,5853851
5852406,1,5853839
5852404,1,5853837
5852401,1,5853834
5851349,1,5853789
5851348,1,5853788
5851337,1,5853777
5851335,1,5853775
5850292,1,5853744
5850286,1,5853738
5850285,1,5853737
5850282,1,5853734
5850276,1,5853728
5850275,1,5853727
5850261,1,5853713
5850253,1,5853705
5864543,1,5849365
5861366,1,5849128
5861361,1,5849123
5859233,1,5849002
5864436,1,5848275
5864434,1,5848273
5861358,1,5848139
5861350,1,5848132
5861340,1,5848122
5861328,1,5848110
5861303,1,5848085
5860226,1,5848016
5866528,1,5847365
5865425,1,5847307
5861237,1,5847041
5861232,1,5847036
5861231,1,5847035
5861229,1,5847033
5860081,1,5844936
5860080,1,5844935
5860033,1,5844889
5860025,1,5844881
5859002,1,5844846
5867424,1,5844324
5867410,1,5844310
5867392,1,5844292
5866329,1,5844226
5861065,1,5843936
5860013,1,5843891
5860008,1,5843887
5860003,1,5843882
5860002,1,5843881
5859998,1,5843877
5859981,1,5843860
5859975,1,5843854
5858924,1,5843787
5867370,1,5843293
5867364,1,5843287
5867356,1,5843279
5867337,1,5843260
5867336,1,5843259
5860997,1,5842890
5860996,1,5842889
5860983,1,5842876
5860972,1,5842865
5859945,1,5842847
5859924,1,5842827
5859902,1,5842805
5859895,1,5842798
5860775,1,5839728
5859665,1,5838646
5859632,1,5838613
5866945,1,5836996
5831962,1,5816113
5850530,1,5857850
5850527,1,5857847
5850526,1,5857846
5850523,1,5857843
5850522,1,5857842
5850517,1,5857837
5849497,1,5857833
5849487,1,5857824
5849479,1,5857816
5849462,1,5857799
5849459,1,5857796
5847257,1,5857654
5843108,1,5857422
5856810,1,5857246
5856757,1,5857194
5854709,1,5857098
5853636,1,5857001
5853630,1,5856995
5851528,1,5856872
5850513,1,5856864
5850512,1,5856863
5850500,1,5856852
5850499,1,5856851
5850498,1,5856850
5850497,1,5856849
5850495,1,5856847
5850491,1,5856843
5850483,1,5856835
5850481,1,5856833
5850476,1,5856828
5850471,1,5856823
5850465,1,5856817
5850459,1,5856811
5850457,1,5856809
5850456,1,5856808
5850455,1,5856807
5849408,1,5856777
5849388,1,5856757
5849383,1,5856752
5849380,1,5856749
5847193,1,5856619
5847179,1,5856605
5858797,1,5856309
5858781,1,5856293
5857728,1,5856221
5853568,1,5855965
5851520,1,5855897
5851519,1,5855896
5851515,1,5855893
5851513,1,5855891
5851496,1,5855874
5851492,1,5855870
5851476,1,5855854
5851475,7,5855853
5851458,1,5855836
5850436,1,5855823
5850434,1,5855821
5850423,1,5855810
5850422,1,5855809
5850418,1,5855805
5850416,1,5855803
5850408,1,5855795
5850404,1,5855791
5850391,1,5855778
5850389,1,5855776
5849359,1,5855762
5849340,1,5855745
5840061,1,5809302
5840052,1,5809293
5836869,1,5809129
5836849,1,5809110
5836845,1,5809106
5836838,1,5809099
5836820,1,5809081
5836805,1,5809066
5835779,1,5809045
5835772,1,5809038
5835771,1,5809037
5834728,1,5808996
5833646,1,5808912
5833636,1,5808902
5833613,1,5808879
5832557,1,5808828
5832542,1,5808813
5850247,1,5853699
5850244,1,5853696
5850242,1,5853694
5849201,1,5853673
5849196,1,5853668
5849195,1,5853667
5849190,1,5853662
5849189,1,5853661
5849170,1,5853642
5849169,1,5853641
5860570,1,5853254
5861596,1,5852288
5861592,1,5852284
5860514,1,5852218
5860505,1,5852209
5859465,1,5852173
5832399,1,5805716
5832398,1,5805715
5832390,1,5805707
5832389,1,5805706
5832388,1,5805705
5832377,1,5805694
5832371,1,5805688
5830317,1,5805570
5840889,1,5805193
5840868,1,5805173
5838743,1,5805060
5836598,1,5804928
5836582,1,5804913
5836569,1,5804900
5835506,1,5804842
5833339,1,5804674
5832329,1,5804662
5832324,1,5804657
5830223,1,5804493
5830219,1,5804489
5841847,1,5804167
5840807,1,5804130
5839744,1,5804073
5838673,1,5804008
5837593,1,5803934
5836526,1,5803875
5836506,1,5803855
5835430,1,5803784
5835426,1,5803780
5835408,1,5803762
5840002,1,5808261
5839995,1,5808254
5839970,1,5808229
5836790,1,5808069
5836787,1,5808066
5836764,1,5808043
5835727,1,5808010
5835668,1,5807952
5834620,1,5807906
5833585,1,5807869
5833570,1,5807854
5832507,1,5807794
5832496,1,5807783
5832481,1,5807768
5841000,1,5807270
5840978,1,5807248
5839905,1,5807181
5839899,1,5807175
5837765,1,5807053
5837746,1,5807034
5836713,1,5807009
5835660,1,5806960
5835659,1,5806959
5835645,1,5806946
5835641,1,5806942
5835627,1,5806928
5834592,1,5806894
5834553,7,5806856
5834552,1,5806855
5834531,1,5806834
5833479,1,5806778
5832450,8,5806751
5832417,1,5806718
5832416,1,5806717
5839850,1,5806142
5837694,1,5805998
5837684,1,5805988
5836636,1,5805948
5836624,1,5805936
5836611,1,5805923
5835582,1,5805899
5835545,1,5805862
5834520,1,5805841
5834516,1,5805837
5835404,1,5803758
5831605,1,6044934
5831540,1,6044915
5842478,1,6037575
5846571,1,5862781
5846540,1,5862750
5844455,1,5862631
5842355,1,5862483
5858168,1,5862470
5854011,1,5862217
5852930,1,5862112
5850841,1,5862023
5850836,1,5862018
5850831,1,5862013
5850802,1,5861984
5850790,1,5861972
5849771,1,5861965
5849769,1,5861963
5849759,1,5861955
5849757,1,5861953
5849751,1,5861947
5849749,1,5861945
5849744,1,5861940
5849736,1,5861932
5849735,1,5861931
5849720,1,5861916
5849712,1,5861908
5847558,1,5861827
5844377,1,5861586
5844376,1,5861585
5843355,1,5861540
5843347,1,5861532
5842317,7,5861478
5842311,1,5861472
5854990,1,5861252
5854981,1,5861244
5854980,1,5861243
5854976,1,5861239
5854966,1,5861229
5852876,1,5861091
5850783,1,5860999
5849701,1,5860932
5849698,1,5860930
5849697,1,5860929
5849696,1,5860928
5849695,1,5860927
5849693,1,5860925
5849676,1,5860908
5849663,1,5860895
5848513,1,5860839
5847494,1,5860796
5843312,1,5860530
5857995,1,5860363
5855958,1,5860278
5855934,1,5860254
5854877,1,5860173
5853885,1,5860156
5853867,1,5860139
5853849,1,5860121
5852805,1,5860053
5850714,1,5859965
5841341,1,5812526
5841324,1,5812509
5839206,1,5812403
5839163,1,5812360
5838107,1,5812310
5837048,1,5812260
5837047,1,5812259
5837035,1,5812247
5837029,1,5812241
5835964,1,5812181
5835955,1,5812172
5834895,1,5812113
5834891,1,5812109
5832777,1,5811999
5832769,1,5811991
5832760,1,5811982
5832746,1,5811968
5831729,1,5811940
5849113,1,5870127
5848077,1,5870092
5848052,1,5870067
5845983,1,5869957
5845949,1,5869923
5845946,1,5869920
5843880,1,5869813
5856553,1,5869587
5854470,1,5869456
5854462,1,5869449
5854436,1,5869423
5854434,6,5869421
5852390,1,5869330
5852382,8,5869323
5852380,1,5869321
5852369,1,5869310
5852358,1,5869299
5852351,1,5869292
5852349,1,5869290
5852345,1,5869286
5852334,1,5869275
5852327,1,5869268
5851317,1,5869264
5851313,1,5869261
5851312,1,5869260
5851302,1,5869250
5851284,1,5869232
5851273,1,5869221
5850211,1,5869172
5850210,1,5869171
5850209,1,5869170
5850207,1,5869168
5850206,1,5869167
5850205,1,5869166
5850197,3,5869158
5850196,1,5869157
5850194,1,5869155
5850193,1,5869154
5850191,1,5869152
5850190,1,5869151
5850188,1,5869149
5850185,1,5869146
5849068,1,5869117
5849065,1,5869114
5849056,1,5869105
5837532,1,5819631
5837531,1,5819630
5837474,1,5819573
5836440,1,5819545
5840628,1,5818724
5839609,1,5818711
5837449,1,5818565
5837423,1,5818539
5837410,1,5818526
5837407,1,5818523
5836389,1,5818510
5836378,1,5818499
5841632,1,5817738
5837383,1,5817516
5837363,1,5817496
5837350,1,5817483
5835253,1,5817395
5835208,1,5817350
5831051,1,5817122
5831036,1,5817107
5849044,1,5869093
5849034,1,5869083
5848002,1,5869049
5847978,1,5869025
5845923,1,5868929
5845922,1,5868928
5845911,1,5868917
5845902,1,5868908
5844828,1,5868817
5843829,1,5868794
5843806,1,5868771
5842777,6,5868718
5858540,1,5868655
5858527,1,5868642
5858525,1,5868640
5856448,1,5868515
5855399,1,5868442
5854366,1,5868385
5852325,1,5868299
5852319,1,5868294
5852315,1,5868290
5852313,1,5868288
5852312,1,5868287
5852309,1,5868284
5852308,1,5868283
5852298,1,5868273
5852288,1,5868263
5852273,1,5868248
5852270,1,5868245
5852269,1,5868244
5852263,1,5868238
5852262,1,5868237
5851247,1,5868229
5851239,1,5868221
5851233,1,5868215
5851213,1,5868195
5851195,1,5868177
5850152,1,5868147
5850146,1,5868141
5850145,1,5868140
5850143,1,5868138
5850137,1,5868132
5850115,1,5868110
5850114,1,5868109
5850111,1,5868106
5849013,1,5868098
5848993,1,5868079
5848973,1,5868059
5848972,1,5868058
5846875,1,5867930
5845857,1,5867896
5845825,1,5867864
5845821,1,5867860
5852256,1,5867265
5851154,1,5867170
5851153,1,5867169
5851135,1,5867151
5848936,1,5867058
5848931,1,5867053
5848924,1,5867046
5848921,1,5867043
5848904,1,5867026
5848895,1,5867017
5848883,1,5867005
5848882,1,5867004
5845789,1,5866860
5845778,1,5866849
5845757,1,5866828
5843677,1,5866707
5856320,1,5866452
5855259,1,5866367
5853229,1,5866289
5853208,1,5866268
5853196,1,5866256
5852160,1,5866205
5852136,1,5866181
5852129,1,5866174
5852128,1,5866173
5852126,23,5866171
5851099,1,5866149
5851097,1,5866147
5851080,1,5866130
5851056,1,5866106
5851055,1,5866105
5851052,1,5866102
5848861,1,5866019
5848855,1,5866013
5846723,1,5865842
5845703,1,5865806
5843600,1,5865662
5842573,1,5865611
5858371,1,5865582
5856251,1,5865415
5852119,1,5865198
5852084,1,5865164
5852078,1,5865158
5852072,1,5865152
5852071,1,5865151
5852067,1,5865147
5852056,1,5865136
5851033,1,5865117
5851026,1,5865110
5851025,1,5865109
5851014,1,5865098
5851007,1,5865091
5851006,1,5865090
5849944,1,5865039
5849938,1,5865033
5849937,1,5865032
5849927,1,5865022
5849924,1,5865019
5849922,1,5865017
5849919,1,5865014
5849910,1,5865005
5849909,1,5865004
5848773,1,5864966
5848752,1,5864945
5848748,1,5864941
5848745,1,5864938
5841609,1,5816731
5841569,1,5816691
5840507,1,5816635
5839426,1,5816560
5837336,1,5816484
5837332,1,5816481
5837308,1,5816457
5836213,1,5816367
5836206,1,5816360
5835158,1,5816316
5835139,1,5816297
5831971,1,5816122
5830961,1,5816048
5841561,1,5815696
5841518,1,5815654
5841511,1,5815647
5840445,1,5815587
5840444,1,5815586
5839356,1,5815504
5838329,1,5815483
5838322,1,5815476
5837260,1,5815423
5837232,1,5815395
5836182,1,5815350
5836158,1,5815326
5832950,1,5815122
5841490,1,5814641
5841487,1,5814638
5841472,1,5814623
5841455,1,5814606
5838223,1,5814392
5837174,1,5814353
5836123,1,5814307
5835035,1,5814221
5832887,1,5814076
5832877,1,5814066
5830834,1,5813952
5841401,1,5813568
5841395,1,5813562
5841392,1,5813559
5841387,1,5813554
5840345,1,5813518
5840324,1,5813497
5837119,1,5813313
5837092,1,5813286
5837076,1,5813270
5836061,1,5813260
5836060,1,5813259
5836044,1,5813244
5836025,1,5813225
5836016,1,5813216
5836006,1,5813206
5834935,1,5813136
5832810,1,5813015
5832809,1,5813014
5832803,1,5813008
5830791,1,5812925
5830784,1,5812918
5830764,1,5812898
5848744,1,5864937
5847743,1,5864918
5846689,1,5864839
5845669,1,5864802
5845663,1,5864797
5857266,1,5864483
5857251,1,5864469
5854088,1,5864234
5853092,1,5864214
5852054,1,5864166
5852051,1,5864163
5852045,1,5864158
5852034,1,5864147
5852033,1,5864146
5852015,1,5864128
5852009,1,5864122
5852000,1,5864113
5850967,1,5864083
5850966,1,5864082
5850949,1,5864065
5850936,1,5864052
5850930,1,5864046
5849899,1,5864026
5849889,1,5864016
5849888,1,5864015
5849882,1,5864009
5849880,1,5864007
5849868,1,5863995
5849866,1,5863993
5849854,1,5863981
5849851,1,5863978
5849849,1,5863976
5849844,1,5863971
5848688,1,5863914
5847673,1,5863877
5847671,1,5863875
5847648,1,5863852
5842464,1,5863561
5857143,1,5863390
5856119,1,5863342
5853041,1,5863191
5853018,7,5863169
5851979,1,5863124
5851976,1,5863122
5851959,1,5863105
5851956,1,5863102
5851946,1,5863092
5851945,1,5863091
5850862,1,5863010
5849838,1,5862997
5849827,1,5862987
5849824,1,5862984
5849823,1,5862983
5849822,1,5862982
5849820,1,5862980
5849813,1,5862973
5849796,1,5862956
5849787,1,5862947
5849783,1,5862943
5849777,1,5862937
5849776,1,5862936
5848622,1,5862881
5840200,1,5811410
5840158,1,5811368
5836978,1,5811209
5835930,1,5811165
5835929,1,5811164
5835889,1,5811125
5833770,1,5811004
5833742,1,5810976
5832728,1,5810966
5832701,1,5810940
5832683,1,5810922
5832676,1,5810915
5831664,1,5810891
5831630,1,5810857
5841207,1,5810426
5841192,1,5810411
5841188,1,5810407
5841186,1,5810405
5836881,1,5810126
5835842,1,5810093
5835841,1,5810092
5835821,1,5810072
5835816,1,5810067
5832662,1,5809916
5832620,1,5809875
5832619,1,5809874
5831546,1,5809789
5830600,1,5809782
5866687,1,5849487
5865590,1,5849431
5865329,1,5845251
5859743,1,5839707
5837245,1,5815408
5838783,1,5806081
5857354,1,5866510
5861172,1,5845998
5860309,1,5849080
5837182,1,5814361
5837181,1,5814360
5844016,1,5855415
5861645,1,5853316
5864730,1,5852490
5836961,1,5811192
5838993,1,5809240
5863926,1,5839917
5851872,1,5862051
5864814,1,5853555
5855346,1,5867422
5855162,1,5864332
5847183,1,5856609
5858761,1,5855305
5856581,1,5854110
5859290,1,5850038
5860120,1,5845953
5864145,1,5843083
5865090,1,5842070
5860759,1,5839712
5860754,1,5838724
5860677,1,5837671
5840705,1,5819786
5839622,1,5819709
5839621,1,5819708
5839524,1,5817642
5838294,1,5815448
5839279,1,5813458
5839278,1,5813457
5839264,1,5813443
5840244,1,5812435
5835808,1,5810059
5841122,1,5809357
5837870,1,5808141
5858452,1,5867600
5857356,1,5866512
5845613,1,5864747
5850945,1,5864061
5850944,1,5864060
5845551,1,5863715
5845550,1,5863714
5850814,1,5861996
5850725,1,5860942
5852820,1,5860068
5850699,1,5859951
5850549,1,5857869
5860550,1,5852253
5866565,1,5847402
5860214,1,5847024
5860665,1,5837659
5849122,1,5870136
5844900,1,5869857
5843867,1,5869800
5842858,1,5869767
5842833,1,5869742
5842826,1,5869735
5855463,1,5869474
5853421,1,5869384
5849041,1,5869090
5849035,1,5869084
5849032,1,5869081
5846981,1,5869002
5843842,1,5868807
5843841,1,5868806
5843798,1,5868763
5842796,1,5868737
5842788,1,5868729
5842759,1,5868700
5846883,1,5867938
5844817,1,5867839
5843779,1,5867776
5843719,1,5867717
5842685,1,5867659
5843698,1,5866728
5842670,1,5866676
5842668,1,5866674
5842667,1,5866673
5855316,1,5866423
5849988,1,5866050
5849987,1,5866049
5848849,1,5866007
5844675,1,5865761
5844657,1,5865743
5843606,1,5865668
5843605,1,5865667
5858347,1,5865559
5855190,1,5865330
5844574,1,5864690
5843574,1,5864666
5842535,1,5864603
5858294,1,5864536
5857229,1,5864447
5854103,1,5864249
5845565,1,5863729
5844500,1,5863645
5843473,1,5863594
5842439,1,5863536
5842427,1,5863524
5857163,1,5863410
5854050,1,5863225
5854035,1,5863210
5851923,1,5863069
5843979,1,5855378
5842948,1,5855323
5857660,1,5855181
5853501,1,5854926
5853500,1,5854925
5845014,1,5854465
5845000,1,5854452
5844998,1,5854450
5844985,1,5854437
5842906,1,5854310
5856569,1,5854098
5849186,1,5853658
5849185,1,5853657
5849184,1,5853656
5864776,1,5853517
5859541,1,5853231
5861621,1,5852313
5861619,1,5852311
5861601,3,5852293
5864673,1,5851454
5866763,1,5850541
5865624,1,5850443
5865623,1,5850442
5865622,1,5850441
5866685,1,5849485
5866673,1,5849473
5865581,1,5849422
5865551,1,5849392
5864559,1,5849381
5864558,1,5849380
5864526,1,5849348
5864512,1,5849334
5865510,1,5848372
5865492,1,5848354
5864481,1,5848320
5864469,1,5848308
5866560,1,5847397
5865352,1,5846253
5865346,1,5846247
5865345,1,5846246
5864358,1,5846235
5864310,1,5846187
5865326,1,5845248
5865325,1,5845247
5865308,1,5845230
5864253,1,5845151
5866375,1,5844272
5866374,1,5844271
5865259,1,5844201
5865219,1,5844161
5858961,1,5843823
5867347,1,5843270
5866261,1,5843178
5866260,1,5843177
5865151,1,5843113
5865150,1,5843112
5867291,1,5842235
5867290,1,5842234
5867287,1,5842231
5867286,1,5842230
5867285,1,5842229
5865102,1,5842082
5860946,1,5841859
5860893,1,5841806
5865024,1,5841019
5865022,1,5841017
5866033,1,5839019
5866025,1,5839011
5866024,1,5839010
5864888,1,5838919
5865951,1,5837957
5864878,1,5837930
5860631,1,5837625
5865877,1,5836904
5833939,1,5814124
5833918,1,5813118
5833899,1,5813099
5833898,1,5813098
5831810,1,5813004
5831776,1,5812971
5830805,1,5812938
5839204,1,5812401
5833867,1,5812082
5833794,1,5811028
5833738,1,5810972
5839071,1,5810302
5834762,1,5810014
5840039,1,5809280
5834704,1,5808972
5830478,1,5808679
5841028,1,5808281
5834655,1,5807941
5831429,1,5807709
5830398,1,5806633
5840901,1,5806187
5838752,1,5806050
5838750,1,5806048
5833457,1,5805774
5834449,1,5804788
5834448,1,5804787
5834417,1,5804756
5834413,1,5804752
5830249,1,5804519
5834348,1,5803704
5834337,1,5803693
5834334,1,5803690
5832229,1,5803579
5866275,1,5843192
5840870,1,5805175
5843973,1,6044977
5860688,1,6041857
5843872,1,5869805
5843866,1,5869799
5842853,1,5869762
5857538,1,5869597
5856523,1,5869558
5843825,1,5868790
5843784,1,5868749
5857477,1,5868568
5847952,1,5868031
5847950,1,5868030
5846871,1,5867926
5846860,1,5867915
5843764,7,5867762
5855375,1,5867451
5848929,1,5867051
5845799,1,5866870
5844707,1,5866761
5844706,1,5866760
5842638,1,5866644
5842637,1,5866643
5846768,1,5865887
5843618,1,5865680
5843617,1,5865679
5857308,1,5865496
5856265,1,5865429
5848755,1,5864948
5847702,1,5864877
5846662,1,5864812
5844616,1,5864732
5843555,1,5864647
5842547,1,5864614
5848710,1,5863936
5843483,1,5863604
5843470,1,5863591
5843469,1,5863590
5843468,1,5863589
5843467,1,5863588
5843466,1,5863587
5843463,1,5863584
5856137,1,5863360
5854038,1,5863213
5851924,1,5863070
5848643,1,5862902
5845479,1,5862675
5865790,1,5852570
5865789,1,5852569
5865768,1,5852548
5865760,1,5852540
5865759,1,5852539
5865757,1,5852537
5864748,1,5852508
5864746,1,5852506
5864734,1,5852494
5864712,1,5852472
5864711,1,5852471
5864705,1,5852465
5864704,1,5852464
5866820,1,5851578
5866791,1,5851549
5865704,1,5851503
5865703,1,5851502
5865699,1,5851498
5865687,1,5851486
5865686,1,5851485
5865683,1,5851482
5865672,1,5851471
5864641,1,5851422
5860468,1,5851194
5866734,1,5850512
5866720,1,5850498
5866719,1,5850497
5865656,1,5850475
5865639,1,5850458
5865619,1,5850438
5865614,1,5850433
5865613,1,5850432
5864616,1,5850417
5864613,1,5850414
5861451,1,5850189
5860361,1,5850109
5860359,1,5850107
5860358,1,5850106
5866678,1,5849478
5865578,1,5849419
5864865,1,5837917
5864830,1,5837882
5860633,1,5837627
5860632,1,5837626
5865920,1,5836947
5865911,1,5836938
5834329,1,5819439
5834312,1,5819423
5834293,1,5819404
5834292,1,5819403
5834285,1,5819396
5832201,1,5819306
5832175,1,5819280
5831182,1,5819220
5830185,1,5819162
5830184,1,5819161
5841733,1,5818824
5834249,1,5818375
5834242,1,5818368
5840618,1,5817730
5840602,1,5817714
5837367,1,5817500
5837365,1,5817498
5837359,1,5817492
5834159,1,5817301
5832036,1,5817172
5832035,1,5817171
5832034,1,5817170
5837314,1,5816463
5837299,1,5816448
5837298,1,5816447
5834105,1,5816262
5834086,1,5816243
5834085,1,5816242
5831984,1,5816135
5831981,1,5816132
5834065,1,5815234
5834058,1,5815228
5834051,1,5815221
5834045,1,5815215
5834035,1,5815205
5845971,1,5869945
5844926,1,5869883
5843718,1,5867716
5861379,1,5849141
5831124,1,5818178
5830724,1,5811875
5840040,1,5809281
5831463,1,5807743
5831423,1,5807703
5831416,1,5807696
5831276,1,5805590
5831228,1,5804559
5831227,1,5804558
5832265,1,5803615
5832254,1,5803604
5856099,1,5862352
5832069,1,6038032
5833997,1,6037507
5849124,1,5870138
5849118,1,5870132
5843418,1,5862570
5857076,1,5862354
5855053,1,5862283
5855052,1,5862282
5855023,1,5862253
5855022,1,5862252
5851906,1,5862085
5851905,1,5862084
5844408,1,5861617
5844368,1,5861577
5843372,1,5861557
5858091,1,5861426
5858078,1,5861413
5842270,1,5860464
5855921,1,5860241
5849621,1,5859890
5849620,1,5859889
5849619,1,5859888
5848441,1,5859800
5848419,1,5859778
5845307,1,5859605
5843260,1,5859510
5848358,1,5858749
5843176,1,5858459
5843156,1,5858439
5843135,1,5858418
5853731,1,5858067
5853722,1,5858058
5853721,1,5858057
5848288,1,5857709
5856805,3,5857242
5856804,3,5857241
5856793,1,5857230
5849416,1,5856785
5849415,1,5856784
5847213,1,5856639
5847177,1,5856603
5844061,1,5856428
5854637,1,5856058
5853600,1,5855997
5852587,1,5855959
5852586,1,5855958
5847176,1,5855633
5846107,1,5855546
5844009,1,5855408
5857702,1,5855223
5848111,1,5854622
5846045,1,5854514
5846039,1,5854508
5846036,1,5854505
5844997,1,5854449
5844989,1,5854441
5843972,1,5854400
5842876,1,5854280
5858657,1,5854234
5856580,1,5854109
5849160,1,5853632
5865846,1,5853607
5865808,1,5853569
5864781,1,5853522
5866880,1,5852619
5866877,3,5852616
5865794,1,5852574
5865793,1,5852573
5861403,1,5849165
5861402,1,5849164
5861401,1,5849163
5860335,1,5849106
5860308,1,5849079
5866626,1,5848446
5866625,1,5848445
5866613,1,5848433
5866597,1,5848417
5865532,1,5848393
5866562,1,5847399
5864393,1,5847251
5864371,1,5847229
5864368,1,5847226
5861261,1,5847065
5860161,1,5846972
5859135,1,5846940
5864362,1,5846239
5864317,1,5846194
5861224,1,5846049
5865323,1,5845245
5865267,1,5844209
5865258,1,5844200
5865251,1,5844193
5865221,1,5844163
5866313,1,5843230
5866312,1,5843229
5866304,1,5843221
5866278,1,5843195
5866273,1,5843190
5866264,1,5843181
5865208,1,5843170
5864136,1,5843074
5860991,1,5842884
5866242,1,5842177
5866237,1,5842172
5866218,1,5842153
5866217,1,5842152
5866180,1,5841130
5866130,1,5841080
5866129,1,5841079
5865070,1,5841065
5865038,1,5841033
5866116,1,5840084
5866104,1,5840072
5866103,1,5840071
5864993,1,5840007
5864992,1,5840006
5864965,1,5839979
5866038,1,5839024
5866037,1,5839023
5866035,1,5839021
5866029,1,5839015
5866002,1,5838988
5864920,1,5838951
5864915,1,5838946
5864892,1,5838923
5860699,1,5838670
5860698,1,5838669
5860689,1,5838660
5866987,1,5838014
5865982,1,5837988
5865978,1,5837984
5865963,1,5837969
5865954,1,5837960
5865952,1,5837958
5865942,1,5837948
5864881,1,5837933
5864868,1,5837920
5864867,1,5837919
5834034,1,5815204
5834029,1,5815199
5834025,1,5815195
5834011,1,5815181
5831890,1,5815054
5841446,1,5814597
5841445,1,5814596
5841444,1,5814595
5841440,1,5814591
5838254,1,5814423
5833992,1,5814177
5833975,1,5814160
5833965,1,5814150
5833959,1,5814144
5833958,1,5814143
5833941,1,5814126
5832880,1,5814069
5833921,1,5813121
5833913,1,5813113
5832852,1,5813057
5830772,1,5812906
5833861,1,5812077
5833860,1,5812076
5833858,1,5812074
5833844,1,5812060
5832776,1,5811998
5841253,1,5811457
5833747,1,5810981
5833746,1,5810980
5831651,1,5810878
5831650,1,5810877
5833674,1,5809924
5831544,1,5809787
5841087,1,5808340
5834564,1,5806867
5833485,1,5806784
5833484,1,5806783
5833483,1,5806782
5840936,1,5806222
5833436,1,5805753
5840862,1,5805167
5834443,1,5804782
5834432,1,5804771
5834422,1,5804761
5834415,1,5804754
5834412,1,5804751
5834410,1,5804749
5832301,1,5804634
5830251,1,5804521
5840778,1,5804101
5840773,1,5804096
5840772,1,5804095
5840771,1,5804094
5839712,1,5804041
5836484,1,5803833
5834396,1,5803751
5834384,1,5803740
5834383,1,5803739
5834353,1,5803709
5834352,1,5803708
5832271,1,5803620
5832237,1,5803587
5832214,1,5803564
5850226,1,5869187
5850225,1,5869186
5850200,1,5869161
5850198,1,5869159
5843832,1,5868797
5853322,1,5868317
5854289,1,5867341
5844659,1,5865745
5854198,1,5865314
5849932,1,5865027
5844595,1,5864711
5849906,1,5864032
5849892,1,5864019
5849845,1,5863972
5848684,1,5863910
5842479,1,5863575
5851983,1,5863128
5850853,1,5863001
5849798,1,5862958
5847609,1,5862844
5853982,1,5862188
5844314,1,5860556
5847410,1,5859745
5852735,1,5859015
5850599,1,5858886
5847326,1,5858693
5850533,1,5857853
5850528,5,5857848
5849440,1,5857777
5853608,1,5856005
5850419,1,5855806
5856675,1,5855172
5851415,1,5854823
5850372,1,5854790
5850371,1,5854789
5852413,1,5853846
5851351,1,5853791
5850297,5,5853749
5861393,7,5849155
5861240,1,5847044
5867509,1,5845385
5867491,1,5845367
5867475,1,5845351
5860064,1,5844920
5859984,1,5843863
5859960,3,5843839
5859957,1,5843836
5860990,1,5842883
5859907,1,5842810
5845668,1,6038064
5863399,1,5848214
5862413,1,5848204
5862394,1,5848185
5862386,1,5848177
5862353,1,5848144
5863377,1,5847211
5863355,1,5847189
5863353,1,5847187
5863330,1,5847164
5863329,1,5847163
5863327,1,5847161
5862321,1,5847131
5862304,1,5847114
5863294,1,5846147
5863224,1,5845098
5863222,1,5845096
5863199,1,5845073
5862211,1,5845061
5862210,1,5845060
5860067,1,5844923
5867389,1,5844289
5867388,1,5844288
5863174,1,5844068
5863169,1,5844063
5863168,1,5844062
5864111,1,5843049
5864110,1,5843048
5863112,1,5843026
5863056,1,5841988
5863044,1,5841976
5863043,1,5841975
5852284,1,5868259
5848974,1,5868060
5854319,1,5867371
5846793,1,5866880
5846792,1,5866879
5845713,1,5865816
5845704,1,5865807
5845695,1,5865798
5848766,1,5864959
5848723,1,5863949
5849718,1,5861914
5849629,1,5859897
5850532,1,5857852
5863731,1,5853449
5862731,1,5853425
5862710,1,5853404
5862705,1,5853399
5863700,1,5852437
5863675,1,5852412
5863674,1,5852411
5863673,1,5852410
5863672,1,5852409
5862614,1,5852327
5863635,1,5851392
5863631,1,5851388
5863603,1,5851360
5862568,1,5851301
5863550,1,5850327
5863497,1,5849295
5863460,1,5849258
5862436,1,5849210
5862433,1,5849207
5863452,1,5848267
5863451,1,5848266
5863400,1,5848215
5864027,1,5840999
5863994,1,5840966
5862979,1,5840926
5862971,1,5840918
5863928,1,5839919
5862928,1,5839895
5862900,1,5839867
5862896,1,5839863
5862884,1,5839851
5863902,1,5838909
5863899,1,5838906
5863898,1,5838905
5863897,1,5838904
5863880,1,5838887
5863879,1,5838886
5863878,1,5838885
5862858,1,5838841
5861786,1,5838745
5861776,1,5838735
5863838,1,5837867
5862777,1,5837782
5862761,1,5837766
5862756,1,5837761
5862746,1,5837751
5831137,1,5818191
5831087,1,5818141
5831039,1,5817110
5831936,1,5815100
5831935,1,5815099
5831882,1,5815046
5831864,1,5814044
5832612,1,5809867
5831520,1,5808782
5830508,1,5808709
5830500,1,5808701
5831457,1,5807737
5832295,1,5804628
5846970,1,5868992
5846959,1,5868981
5848940,1,5867061
5848873,1,5866030
5846697,1,5864847
5848711,1,5863937
5846633,1,5863812
5854003,1,5862209
5849671,1,5860903
5844348,1,5860590
5843248,1,5859499
5849501,1,5858805
5843179,1,5858462
5843073,1,5857387
5855717,1,5857130
5844086,1,5856453
5844077,1,5856444
5849310,1,5855715
5843994,1,5855393
5854602,1,5855050
5847081,1,5854568
5865858,1,5853619
5865827,1,5853588
5865826,1,5853587
5861657,1,5853328
5866873,1,5852612
5866872,1,5852611
5866871,1,5852610
5866870,1,5852609
5866869,1,5852608
5866868,1,5852607
5864741,1,5852501
5865714,1,5851513
5865712,1,5851511
5865701,1,5851500
5864668,1,5851449
5864667,1,5851448
5865668,1,5850486
5865663,1,5850482
5865621,1,5850440
5866710,1,5849509
5865604,1,5849444
5865803,1,5853564
5848400,1,5858791
5832963,1,5815135
5835890,1,5811126
5848012,1,5869059
5847965,1,5869012
5848877,1,6038085
5865593,1,5849434
5865592,1,5849433
5866563,1,5847400
5866556,1,5847393
5864397,1,5847255
5866516,1,5846371
5866490,1,5846346
5866484,1,5846340
5864313,1,5846190
5865309,1,5845231
5865297,1,5845219
5865292,1,5845214
5866357,1,5844254
5867278,1,5842222
5866208,1,5842143
5860950,1,5841863
5865075,1,5841070
5866099,1,5840067
5866063,1,5840031
5866058,1,5839043
5864826,1,5837878
5865931,1,5836957
5841754,1,5818845
5841753,1,5818844
5841693,1,5817798
5835116,1,5815287
5837193,1,5814372
5834683,1,5808951
5838899,1,5808164
5834577,1,5806880
5837691,1,5805995
5836487,1,5803836
5836486,1,5803835
5849090,1,5870104
5849075,1,5869124
5849019,1,5869068
5846954,1,5868976
5846953,1,5868975
5846946,1,5868968
5853326,1,5868321
5849016,1,5868100
5848966,1,5868052
5847892,1,5867972
5846895,1,5867950
5857462,1,5867585
5848906,1,5867028
5848893,1,5867015
5847889,1,5867000
5846850,1,5866936
5843665,1,5866695
5848874,1,5866031
5848854,1,5866012
5847770,1,5865914
5846747,1,5865866
5846728,1,5865847
5842564,1,5865602
5848805,1,5864997
5848788,1,5864981
5848780,1,5864973
5848762,1,5864955
5866826,1,5851584
5866818,1,5851576
5866801,1,5851559
5865721,1,5851520
5865720,1,5851519
5865719,1,5851518
5865718,1,5851517
5865717,1,5851516
5865710,1,5851509
5865698,1,5851497
5864675,1,5851456
5864670,1,5851451
5866757,1,5850535
5866753,1,5850531
5866732,1,5850510
5866718,1,5850496
5865657,1,5850476
5865645,1,5850464
5865643,1,5850462
5865633,1,5850452
5865630,1,5850449
5865625,1,5850444
5865616,1,5850435
5865615,1,5850434
5865610,1,5850429
5865609,1,5850428
5864605,1,5850406
5866699,1,5849499
5865591,1,5849432
5865586,1,5849427
5865585,1,5849426
5865584,1,5849425
5865577,1,5849418
5865573,1,5849414
5865555,1,5849396
5865554,1,5849395
5865552,1,5849393
5866059,1,5839044
5866057,1,5839042
5866055,1,5839041
5866054,1,5839040
5866052,1,5839038
5866051,1,5839037
5866050,1,5839036
5866036,1,5839022
5866030,1,5839016
5866014,1,5839000
5866004,1,5838990
5864919,1,5838950
5865984,1,5837990
5865974,1,5837980
5865968,1,5837974
5865965,1,5837971
5865961,1,5837967
5865959,1,5837965
5865958,1,5837964
5865955,1,5837961
5865948,1,5837954
5865947,1,5837953
5865939,1,5837945
5865929,1,5836955
5865927,1,5836953
5865921,1,5836948
5865912,1,5836939
5865892,1,5836919
5865887,1,5836914
5865874,1,5836901
5837494,1,5819593
5840640,1,5818736
5836320,1,5817458
5836295,1,5817433
5836294,1,5817432
5835192,1,5816349
5840470,1,5815612
5832759,1,5811981
5836999,1,5811229
5832694,1,5810933
5834639,1,5807925
5834638,1,5807924
5866511,1,6043418
5859025,1,6042922
5848761,1,5864954
5848760,1,5864953
5846711,1,5864861
5855136,1,5864306
5846650,1,5863829
5846649,1,5863828
5846614,1,5863793
5853042,1,5863192
5853040,1,5863190
5851930,1,5863076
5847621,1,5862856
5844459,1,5862635
5842343,1,5861504
5847480,1,5860782
5845401,1,5860665
5845373,1,5860637
5849610,1,5859879
5849609,1,5859878
5849581,1,5859850
5848447,1,5859806
5854800,1,5859128
5849546,1,5858850
5849536,1,5858840
5849503,1,5858807
5848388,1,5858779
5848387,1,5858778
5848386,1,5858777
5848385,1,5858776
5848384,1,5858775
5847323,1,5858690
5849480,1,5857817
5849421,1,5856790
5849420,1,5856789
5849419,1,5856788
5847220,1,5856646
5857775,1,5856268
5855699,1,5856144
5849257,1,5854695
5848123,1,5854634
5848122,1,5854633
5848121,1,5854632
5847066,1,5854553
5846056,1,5854525
5865866,1,5853626
5865863,1,5853623
5865837,1,5853598
5865836,1,5853597
5865825,1,5853586
5865824,1,5853585
5865822,1,5853583
5865807,1,5853568
5859491,1,5853181
5866889,1,5852628
5866883,1,5852622
5866865,1,5852604
5866843,1,5852582
5866842,1,5852581
5865800,1,5852579
5865799,1,5852578
5865798,1,5852577
5865786,1,5852566
5865782,1,5852562
5865781,1,5852561
5865775,1,5852555
5865774,1,5852554
5865758,1,5852538
5865749,1,5852529
5864709,1,5852469
5866841,1,5851598
5864442,1,5848281
5864441,1,5848280
5864431,1,5848270
5866527,1,5847364
5866526,1,5847363
5866525,1,5847362
5866522,1,5847359
5866521,1,5847358
5866520,1,5847357
5866519,1,5847356
5865361,1,5846262
5861171,1,5845997
5866439,1,5845315
5865293,1,5845215
5865287,1,5845209
5864249,1,5845147
5860045,1,5844901
5866324,1,5844221
5866323,1,5844220
5866322,1,5844219
5865227,1,5844169
5865215,1,5844157
5866315,1,5843232
5866308,1,5843225
5866277,1,5843194
5866268,1,5843185
5866267,1,5843184
5866265,1,5843182
5866263,1,5843180
5866262,1,5843179
5865198,1,5843160
5865197,1,5843159
5866255,1,5842189
5866243,1,5842178
5866234,1,5842169
5866233,1,5842168
5866214,1,5842149
5866210,1,5842145
5865140,1,5842120
5865099,1,5842079
5865095,1,5842075
5865091,1,5842071
5864097,1,5842053
5866181,1,5841131
5866158,1,5841108
5866157,1,5841107
5866155,1,5841105
5866153,1,5841103
5865035,1,5841030
5866100,1,5840068
5866062,1,5840030
5834637,1,5807923
5834572,1,5806875
5834569,1,5806872
5832465,1,5806766
5832464,1,5806765
5849297,1,5855702
5848184,1,5855666
5848183,1,5855665
5846087,1,5855526
5856639,1,5855136
5849248,1,5854686
5849233,1,5854671
5849224,1,5854662
5847089,1,5854576
5847071,1,5854558
5847070,1,5854557
5846054,1,5854523
5854493,1,5853974
5849223,1,5853693
5849208,1,5853680
5849207,1,5853679
5849206,1,5853678
5849203,1,5853675
5865860,1,5853621
5865829,1,5853590
5865823,1,5853584
5865820,1,5853581
5865806,1,5853567
5865805,1,5853566
5865802,1,5853563
5864819,1,5853560
5864788,1,5853529
5861639,1,5853310
5859522,1,5853212
5866752,1,5850530
5865671,1,5850489
5865659,1,5850478
5865658,1,5850477
5865644,1,5850463
5865620,1,5850439
5865617,1,5850436
5865611,1,5850430
5864609,1,5850410
5861453,1,5850191
5861452,1,5850190
5859309,1,5850057
5866694,1,5849494
5865597,1,5849438
5865588,1,5849429
5865576,1,5849417
5865572,1,5849413
5865553,1,5849394
5864359,1,5846236
5864323,1,5846200
5861197,1,5846023
5861196,1,5846022
5866444,1,5845320
5866430,1,5845306
5865299,1,5845221
5865295,1,5845217
5860035,1,5844891
5860029,1,5844885
5864202,1,5844120
5867153,1,5840136
5867152,1,5840135
5866115,1,5840083
5866114,1,5840082
5866097,1,5840065
5866094,1,5840062
5866083,1,5840051
5866082,1,5840050
5866071,1,5840039
5866053,1,5839039
5866049,1,5839035
5866034,1,5839020
5866005,1,5838991
5859624,1,5838605
5865801,1,5852580
5865785,1,5852565
5865780,1,5852560
5865779,1,5852559
5865778,1,5852558
5861582,1,5852274
5866827,1,5851585
5866807,1,5851565
5866806,1,5851564
5865736,1,5851534
5865735,1,5851533
5865725,1,5851524
5865716,1,5851515
5865715,1,5851514
5865713,1,5851512
5865697,1,5851496
5861546,1,5851261
5861545,1,5851260
5861544,1,5851259
5861538,1,5851253
5861532,1,5851247
5865548,1,5849389
5865544,1,5849385
5864548,1,5849370
5863464,1,5849262
5861407,1,5849169
5866599,1,5848419
5866598,1,5848418
5865518,1,5848380
5864475,1,5848314
5861351,1,5848133
5861343,1,5848125
5866569,1,5847406
5866568,1,5847405
5866561,1,5847398
5866551,1,5847388
5866548,1,5847385
5866515,1,5846370
5866505,1,5846361
5866460,1,5846316
5866321,1,5843237
5866298,1,5843215
5866293,1,5843210
5866259,1,5843176
5865186,1,5843148
5859904,1,5842807
5859903,1,5842806
5866240,1,5842175
5866235,1,5842170
5866207,1,5842142
5866205,1,5842140
5866204,1,5842139
5866135,1,5841085
5866134,1,5841084
5865077,1,5841072
5865981,1,5837987
5865949,1,5837955
5865938,1,5837944
5865925,1,5836952
5865873,1,5836900
5833218,1,5819327
5839576,1,5818678
5836211,1,5816365
5838286,1,5815440
5840410,1,5814567
5831856,1,5814036
5832847,1,5813052
5835997,1,5812214
5834933,1,5812150
5834879,1,5812097
5832753,1,5811975
5834851,1,5811088
5834830,1,5811067
5834828,1,5811065
5834808,1,5811045
5840112,1,5810337
5835838,1,5810089
5834784,1,5810036
5835792,1,5809058
5832559,1,5808830
5832550,1,5808821
5834645,1,5807931
5834630,1,5807916
5834626,1,5807912
5834585,1,5806888
5834561,1,5806864
5832466,1,5806767
5832422,1,5806723
5832421,1,5806722
5832415,1,5806716
5836621,1,5805933
5836620,1,5805932
5832393,1,5805710
5832360,1,5805677
5832353,1,5805670
5832352,1,5805669
5832351,1,5805668
5833385,1,5804720
5833353,1,5804688
5833336,1,5804671
5833292,1,5803645
5834807,1,5811044
5834646,1,5807932
5853378,1,5869341
5845859,1,5867898
5857400,1,5867524
5848652,1,5862911
5848651,1,5862910
5852963,1,5862145
5853953,1,5861191
5854512,1,5853993
5863728,1,5853446
5862722,1,5853416
5862698,1,5853392
5862697,1,5853391
5862680,1,5853374
5862678,1,5853372
5862677,1,5853371
5862676,1,5853370
5852966,1,5862148
5844488,1,5862664
5842386,1,5862514
5842364,1,5862492
5857129,1,5862407
5846521,1,5861765
5844374,1,5861583
5843366,1,5861551
5848522,1,5860848
5844336,1,5860578
5844313,7,5860555
5843327,1,5860544
5843296,1,5860514
5842271,1,5860465
5851752,1,5859999
5844297,1,5859572
5843253,1,5859504
5843249,1,5859500
5842178,1,5859405
5855855,1,5859207
5855854,1,5859206
5855853,1,5859205
5854840,1,5859168
5854802,1,5859130
5844199,1,5858506
5843189,1,5858472
5843157,1,5858440
5842101,1,5858361
5842100,1,5858360
5848285,1,5857706
5846231,1,5857607
5844127,1,5857465
5855731,1,5857144
5855730,1,5857143
5855729,1,5857142
5855728,1,5857141
5855712,1,5857125
5843055,1,5856398
5857764,1,5856257
5849303,1,5855708
5845070,1,5855493
5845068,1,5855491
5845063,1,5855486
5845062,1,5855485
5844029,1,5855428
5843983,1,5855382
5834325,1,5819436
5834324,1,5819435
5834313,1,5819424
5834289,1,5819400
5834286,1,5819397
5832153,1,5819258
5832152,1,5819257
5841752,1,5818843
5841711,1,5818802
5834253,1,5818379
5834248,1,5818374
5834227,1,5818353
5834217,1,5818343
5834216,1,5818342
5834212,1,5818338
5834211,1,5818337
5832129,1,5818249
5841643,1,5817749
5840559,1,5817671
5837393,1,5817526
5837390,1,5817523
5834176,1,5817318
5832052,1,5817188
5838319,1,5815473
5838305,1,5815459
5834038,1,5815208
5834037,1,5815207
5833988,1,5814173
5833961,1,5814146
5847940,1,5868020
5843566,1,5864658
5865926,1,6041370
5848739,1,6037582
5863764,1,5853482
5863758,1,5853476
5863743,1,5853461
5863742,1,5853460
5862707,1,5853401
5862618,1,5852331
5862578,1,5851311
5863582,1,5850359
5863577,1,5850354
5863546,1,5850323
5863477,1,5849275
5860296,1,5849067
5863342,1,5847176
5862331,1,5847141
5844723,1,5866777
5843694,1,5866724
5862748,1,5837753
5848808,1,6038068
5854989,1,6037067
5849495,1,6036543
5849427,1,6036527
5866381,1,6042910
5840820,1,6043888
5860010,1,6042906
5863649,1,5851406
5863634,1,5851391
5863599,1,5851356
5863574,1,5850351
5863523,1,5850300
5862512,1,5850265
5863471,1,5849269
5862452,1,5849226
5862449,1,5849223
5862448,1,5849222
5861377,1,5849139
5866517,1,5847354
5863388,1,5847222
5863371,1,5847205
5863366,1,5847200
5862271,1,5846100
5862191,1,5845041
5862190,1,5845040
5862189,1,5845039
5862188,1,5845038
5862140,1,5844010
5862105,1,5843975
5861072,1,5843943
5863122,1,5843036
5862064,1,5842954
5862051,1,5842941
5864088,1,5842044
5863041,1,5841973
5863017,1,5841949
5863016,1,5841948
5861967,1,5841875
5866151,1,5841101
5863827,1,5837856
5863826,1,5837855
5863815,1,5837844
5862771,1,5837776
5865909,1,5836936
5832204,1,5819308
5833136,1,5818261
5833095,1,5817237
5832014,1,5817150
5832013,1,5817149
5832003,1,5816154
5831649,1,5810876
5832442,1,5806743
5864038,1,5841010
5862980,1,5840927
5862972,1,5840919
5862970,1,5840917
5862969,1,5840916
5862921,1,5839888
5866003,1,5838989
5863871,1,5838878
5863870,1,5838877
5862864,1,5838847
5862852,1,5838835
5862820,1,5838803
5862819,1,5838802
5863839,1,5837868
5863828,1,5837857
5845013,1,6044978
5842348,1,6037071
5834849,1,5811086
5835518,1,5804854
5848146,1,6044981
5865530,1,6043927
5865341,1,6042928
5864886,1,6041861
5842803,1,6038665
5847627,1,6037563
5842284,1,6037055
5843193,1,6036553
5849132,1,5870146
5849121,1,5870135
5849117,1,5870131
5845994,1,5869968
5845993,1,5869967
5845976,1,5869950
5844944,1,5869901
5844934,1,5869891
5844927,1,5869884
5844913,1,5869870
5844912,1,5869869
5843903,1,5869836
5843885,1,5869818
5843848,1,5869781
5842849,1,5869758
5842837,1,5869746
5858575,1,5869658
5857586,1,5869645
5852344,1,5869285
5849036,1,5869085
5844873,1,5868862
5844862,1,5868851
5844858,1,5868847
5844849,1,5868838
5844848,1,5868837
5846845,1,5866932
5846813,1,5866900
5846799,1,5866886
5846798,1,5866885
5844705,1,5866759
5843717,1,5866746
5843711,1,5866741
5843690,1,5866720
5842666,1,5866672
5842634,1,5866640
5842633,1,5866639
5842632,1,5866638
5858428,1,5866608
5858398,1,5866578
5858397,1,5866577
5855296,1,5866404
5848839,1,5865997
5844665,1,5865751
5843631,7,5865693
5843621,1,5865683
5843620,1,5865682
5858335,1,5865547
5855203,1,5865343
5854172,1,5865288
5853134,1,5865226
5853133,1,5865225
5848754,1,5864947
5847747,1,5864922
5847703,1,5864878
5847701,1,5864876
5846713,1,5864863
5846677,1,5864827
5845634,1,5864768
5844621,1,5864737
5843529,1,5864621
5842521,1,5864589
5842520,1,5864588
5858281,1,5864523
5857263,1,5864481
5857247,1,5864465
5856229,1,5864422
5854128,1,5864274
5854119,1,5864265
5848709,1,5863935
5848699,1,5863925
5844538,1,5863683
5844519,1,5863664
5843514,1,5863635
5843513,1,5863634
5843501,1,5863622
5843481,1,5863602
5842438,1,5863535
5858189,1,5863460
5857148,1,5863395
5852987,1,5863138
5847630,1,5862864
5847629,1,5862863
5847628,1,5862862
5843415,1,5862567
5843414,1,5862566
5843410,1,5862562
5842404,1,5862532
5842392,1,5862520
5842391,1,5862519
5842387,1,5862515
5842378,1,5862506
5842370,1,5862498
5858165,1,5862467
5854015,1,5862220
5852929,1,5862111
5851904,1,5862083
5851903,1,5862082
5846494,1,5861738
5846478,1,5861722
5843353,1,5861538
5843352,1,5861537
5842351,1,5861511
5842296,1,5861457
5842288,1,5861449
5858077,1,5861412
5852875,1,5861090
5852859,1,5861074
5852858,1,5861073
5846448,1,5860726
5845384,1,5860648
5845383,1,5860647
5845382,1,5860646
5845381,1,5860645
5844350,1,5860592
5844315,1,5860557
5843306,1,5860524
5843155,1,5858438
5857919,1,5858350
5857874,1,5858306
5856834,1,5858242
5856816,1,5858224
5856815,1,5858223
5855838,1,5858221
5855787,1,5858171
5852684,1,5857996
5851651,1,5857963
5848287,1,5857708
5848286,1,5857707
5845172,1,5857534
5844166,1,5857504
5844133,1,5857471
5843107,1,5857421
5843084,1,5857398
5856808,1,5857245
5856760,1,5857197
5855737,1,5857150
5849424,1,5856793
5849406,1,5856775
5845132,1,5856523
5845126,1,5856517
5845099,1,5856490
5844073,1,5856440
5843067,1,5856409
5843008,1,5856351
5858820,1,5856332
5857729,1,5856222
5856708,1,5856177
5853590,1,5855987
5853588,1,5855985
5849339,1,5855744
5849338,1,5855743
5849313,1,5855718
5847175,1,5855632
5847161,1,5855619
5847160,1,5855618
5847141,1,5855599
5847112,1,5855570
5845072,1,5855495
5845069,1,5855492
5845054,1,5855477
5845052,1,5855475
5845044,1,5855467
5845043,1,5855466
5845039,1,5855462
5845038,1,5855461
5845032,1,5855455
5845026,1,5855449
5845025,1,5855448
5845021,1,5855444
5844036,1,5855435
5844035,1,5855434
5842969,1,5855344
5856629,1,5855126
5854564,1,5855013
5849230,1,5854668
5849229,1,5854667
5849228,1,5854666
5849227,1,5854665
5844979,1,5854431
5844964,1,5854416
5844963,1,5854415
5844956,1,5854408
5843961,1,5854389
5842936,1,5854339
5842922,1,5854326
5842910,1,5854314
5842904,1,5854308
5858637,1,5854214
5854530,7,5854011
5852424,1,5853857
5849164,1,5853636
5849161,1,5853633
5865859,1,5853620
5865848,1,5853609
5865809,1,5853570
5864790,1,5853531
5864782,1,5853523
5861649,1,5853320
5860601,1,5853285
5864754,1,5852514
5864752,1,5852512
5864740,1,5852500
5861620,1,5852312
5861602,1,5852294
5866695,1,5849495
5866651,1,5849451
5865594,1,5849435
5865583,1,5849424
5864557,1,5849379
5864538,1,5849360
5864524,1,5849346
5864516,1,5849338
5864501,1,5849323
5864499,1,5849321
5860350,1,5849120
5860324,1,5849095
5866617,1,5848437
5866608,1,5848428
5866600,1,5848420
5865540,1,5848400
5865539,1,5848399
5865535,1,5848396
5865534,1,5848395
5865529,1,5848391
5865528,1,5848390
5865521,1,5848383
5865520,1,5848382
5865509,1,5848371
5865490,1,5848352
5865487,1,5848349
5865486,1,5848348
5864447,1,5848286
5866558,1,5847395
5866523,1,5847360
5864399,1,5847257
5864379,1,5847237
5861271,1,5847075
5861247,1,5847051
5860203,1,5847014
5860202,1,5847013
5859157,1,5846961
5859156,1,5846960
5865355,1,5846256
5865354,1,5846255
5865351,1,5846252
5865350,1,5846251
5865347,1,5846248
5864365,1,5846242
5864363,1,5846240
5864357,1,5846234
5864356,1,5846233
5864353,1,5846230
5864307,1,5846184
5864303,1,5846180
5861215,1,5846041
5859085,1,5845910
5859070,1,5845895
5859037,1,5845862
5867466,1,5845342
5865322,1,5845244
5864300,1,5845198
5864299,1,5845197
5864294,1,5845192
5864288,1,5845186
5864277,1,5845175
5864272,1,5845170
5864271,1,5845169
5861135,1,5844984
5861130,1,5844979
5860039,1,5844895
5867416,1,5844316
5865268,1,5844210
5865255,1,5844197
5864148,1,5843086
5860968,1,5842861
5860957,1,5842850
5866256,1,5842190
5866247,1,5842182
5866211,1,5842146
5865145,1,5842125
5865143,1,5842123
5865141,1,5842121
5865127,1,5842107
5865121,1,5842101
5865108,1,5842088
5865107,1,5842087
5865097,1,5842077
5860947,1,5841860
5860939,1,5841852
5860917,1,5841830
5866188,1,5841137
5866187,1,5841136
5865071,1,5841066
5865049,1,5841044
5865036,1,5841031
5865031,1,5841026
5860885,1,5840815
5860829,1,5840760
5867175,1,5840157
5867159,1,5840142
5867158,1,5840141
5867137,1,5840120
5865002,1,5840016
5865001,1,5840015
5864969,1,5839983
5864967,1,5839981
5864959,1,5839973
5860773,1,5839726
5866041,1,5839027
5866040,1,5839026
5866028,1,5839014
5866016,1,5839002
5866015,1,5839001
5864943,1,5838974
5864887,1,5838918
5860723,1,5838694
5867029,1,5838056
5865977,1,5837983
5865976,1,5837982
5865975,1,5837981
5865950,1,5837956
5865941,1,5837947
5865940,1,5837946
5865937,1,5837943
5864885,1,5837937
5864833,1,5837885
5859584,1,5837586
5840740,1,5819821
5840732,1,5819813
5834323,1,5819434
5834321,1,5819432
5834320,1,5819431
5834308,1,5819419
5834284,1,5819395
5833261,1,5819370
5832185,1,5819290
5832171,1,5819276
5830202,1,5819178
5840629,1,5818725
5838496,1,5818604
5834240,1,5818366
5834228,1,5818354
5834224,1,5818350
5834223,1,5818349
5831089,1,5818143
5837345,1,5817478
5835236,1,5817378
5834198,1,5817339
5834171,1,5817313
5840516,1,5816644
5839461,1,5816595
5837320,1,5816469
5837313,1,5816462
5834117,1,5816274
5834112,1,5816269
5834104,1,5816261
5834101,1,5816258
5834100,1,5816257
5834095,1,5816252
5834093,1,5816250
5834079,1,5816236
5834078,1,5816235
5834070,1,5816227
5831983,1,5816134
5841498,1,5815634
5840473,1,5815615
5840461,1,5815603
5838320,1,5815474
5838318,1,5815472
5835104,1,5815275
5834067,1,5815236
5844841,1,5868830
5843808,1,5868773
5842764,1,5868705
5842746,1,5868687
5842745,1,5868686
5857529,1,5868619
5853330,1,5868325
5853323,1,5868318
5852299,1,5868274
5852279,1,5868254
5852275,1,5868250
5848995,1,5868081
5844816,1,5867838
5844815,1,5867837
5843768,1,5867766
5843728,1,5867726
5843727,1,5867725
5842679,1,5867653
5842678,1,5867652
5858493,1,5867641
5858492,1,5867640
5856422,1,5867521
5848928,1,5867050
5847845,1,5866957
5847844,1,5866956
5847843,1,5866955
5847842,1,5866954
5843287,7,5860505
5843274,1,5860492
5842285,1,5860478
5842239,1,5860433
5853859,1,5860131
5853857,1,5860129
5849618,1,5859887
5849612,1,5859881
5847430,7,5859765
5846377,1,5859689
5846375,1,5859687
5845306,1,5859604
5843220,1,5859471
5843219,1,5859470
5843202,7,5859453
5843198,1,5859449
5842168,1,5859395
5857920,1,5859320
5853799,1,5859103
5853773,1,5859077
5849520,1,5858824
5849519,1,5858823
5849508,1,5858812
5848366,1,5858757
5847338,1,5858705
5846320,1,5858665
5846297,1,5858642
5843197,1,5858479
5861588,1,5852280
5861587,1,5852279
5861576,1,5852268
5861575,1,5852267
5861568,1,5852260
5866794,1,5851552
5866790,1,5851548
5864643,1,5851424
5864642,1,5851423
5861526,1,5851241
5860451,1,5851177
5866755,1,5850533
5865670,1,5850488
5865655,1,5850474
5864584,1,5850385
5864565,1,5850366
5859336,1,5850084
5865254,1,5844196
5865250,1,5844192
5864213,1,5844131
5864195,1,5844113
5864189,1,5844107
5864187,1,5844105
5864177,1,5844095
5861059,1,5843930
5859955,1,5843834
5858942,1,5843805
5867353,1,5843276
5867332,1,5843255
5865210,1,5843172
5865195,1,5843157
5865188,1,5843150
5865185,1,5843147
5865182,1,5843144
5865179,1,5843141
5865157,1,5843119
5865152,1,5843114
5864157,1,5843095
5864156,1,5843094
5864155,1,5843093
5834066,1,5815235
5834062,1,5815232
5834041,1,5815211
5834013,1,5815183
5834006,1,5815176
5840397,1,5814554
5840376,1,5814533
5839312,1,5814475
5838262,1,5814431
5833990,1,5814175
5833977,1,5814162
5833964,1,5814149
5833956,1,5814141
5832927,1,5814115
5830832,1,5813950
5840335,1,5813508
5838204,1,5813389
5834962,1,5813163
5833933,1,5813132
5833917,1,5813117
5833914,1,5813114
5833909,1,5813109
5833908,1,5813108
5860711,1,5838682
5859570,1,5837572
5840699,1,5819780
5836432,1,5819537
5840635,1,5818731
5837468,1,5818584
5832097,1,5818217
5832096,1,5818216
5832091,1,5818211
5832090,1,5818210
5839525,1,5817643
5840551,1,5816679
5840550,1,5816678
5837330,1,5816479
5831892,1,5815056
5846657,1,5863835
5864820,1,5853561
5863297,1,5846150
5863249,1,5845123
5863136,1,5844030
5862133,1,5844003
5862007,1,5841915
5862006,1,5841914
5862005,1,5841913
5861976,1,5841884
5864034,1,5841006
5863952,1,5839943
5861770,1,5838729
5831549,1,5809792
5830545,1,5809727
5830529,1,5808730
5830267,1,5804537
5830266,1,5804536
5836049,1,5813249
5835923,1,5811159
5835420,1,5803774
5835410,1,5803764
5832239,1,5803589
5838591,1,5819684
5830203,1,5819179
5839578,1,5818680
5836357,1,5818478
5839509,1,5817627
5836306,1,5817444
5841621,1,5816743
5841620,1,5816742
5841606,1,5816728
5841605,1,5816727
5839406,1,5815554
5831903,1,5815067
5836106,1,5814290
5832807,1,5813012
5839105,1,5811321
5838033,1,5811255
5838008,1,5810244
5837931,1,5809184
5836814,1,5809075
5838869,1,5807151
5838868,1,5807150
5838858,1,5807140
5832435,1,5806736
5838749,1,5806047
5837726,1,5806030
5837725,1,5806029
5838689,1,5805006
5837624,1,5804947
5836592,1,5804923
5835463,1,5803816
5855390,1,5868433
5860664,1,5837658
5835205,1,5817347
5835862,1,5810112
5862870,1,6041879
5862718,1,5853412
5863703,1,5852440
5860497,1,5852201
5863624,1,5851381
5862602,1,5851335
5863436,1,5848251
5863357,1,5847191
5863280,1,5846133
5863279,1,5846132
5862283,1,5846112
5863227,1,5845101
5863982,1,5840954
5861835,1,5839778
5863859,1,5838866
5862869,1,5838852
5862860,1,5838843
5830193,1,5819170
5858415,1,5866595
5856051,1,5862305
5847439,1,5860741
5861653,1,5853324
5861646,1,5853317
5831671,3,5810898
5830499,1,5808700
5831353,1,5806649
5831352,1,5806648
5831351,1,5806647
5838698,1,5805015
5848037,1,5870052
5842831,1,5869740
5858611,5,5869694
5858603,1,5869686
5854427,7,5869414
5848021,2,5869067
5853363,1,5868358
5845844,1,5867883
5843729,1,5867727
5858448,7,5867596
5856409,1,5867509
5853247,1,5867275
5848941,1,5867062
5847875,5,5866987
5855257,1,5866365
5853223,1,5866283
5854154,1,5865270
5853151,7,5865243
5849967,1,5865062
5849965,1,5865060
5849963,1,5865058
5844593,1,5864709
5858286,1,5864528
5845579,1,5863743
5845554,1,5863718
5844525,7,5863670
5842457,1,5863554
5855103,1,5863302
5848623,1,5862882
5845499,1,5862695
5843420,3,5862572
5842388,3,5862516
5858152,7,5862454
5857117,7,5862395
5855037,1,5862267
5855016,1,5862246
5848579,1,5861872
5845471,1,5861701
5845448,1,5861678
5845433,1,5861663
5856019,1,5861306
5854950,7,5861213
5853910,1,5861149
5852880,7,5861095
5851840,1,5861053
5851831,1,5861044
5846456,8,5860734
5843302,7,5860520
5852819,1,5860067
5852818,1,5860066
5848460,1,5859819
5848443,1,5859802
5857942,1,5859342
5855901,1,5859252
5849552,1,5858856
5847332,8,5858699
5847325,1,5858692
5846313,22,5858658
5844210,1,5858517
5844173,7,5858480
5842131,1,5858391
5847267,1,5857664
5846212,1,5857588
5845186,1,5857548
5845181,1,5857543
5848280,2,5856729
5846163,1,5856569
5846154,1,5856560
5844105,1,5856471
5855706,1,5856150
5855674,1,5856119
5853565,1,5855962
5852536,8,5855909
5848174,1,5855656
5847166,3,5855624
5847119,7,5855577
5843986,7,5855385
5853532,1,5854957
5852469,1,5854870
5848088,7,5854599
5848087,1,5854598
5842888,8,5854292
5854476,7,5853957
5853465,1,5853922
5853462,1,5853919
5853460,8,5853917
5853446,1,5853903
5849219,1,5853690
5864812,1,5853553
5864802,1,5853543
5859519,1,5853209
5865769,7,5852549
5865763,1,5852543
5865754,7,5852534
5865747,3,5852527
5866785,1,5851543
5865705,7,5851504
5859390,1,5851118
5866728,1,5850506
5860329,1,5849100
5860222,1,5848012
5860220,1,5848010
5859202,1,5847988
5866552,1,5847389
5866524,7,5847361
5861245,1,5847049
5861244,1,5847048
5864320,1,5846197
5860149,1,5845981
5866429,7,5845305
5864255,1,5845153
5841772,7,5819849
5840725,1,5819806
5839667,1,5819754
5839666,1,5819753
5838608,4,5819701
5837540,1,5819638
5834318,1,5819429
5834311,1,5819422
5834283,1,5819394
5834282,1,5819393
5840690,1,5818785
5839608,7,5818710
5839597,3,5818699
5834225,1,5818351
5831132,1,5818186
5841685,8,5817791
5839502,1,5817620
5837395,2,5817528
5834141,1,5817283
5833101,1,5817243
5831026,1,5817097
5831015,1,5817086
5841575,1,5816697
5839478,1,5816612
5838389,1,5816529
5852431,1,5853864
5851378,1,5853818
5851377,8,5853817
5850303,1,5853754
5850266,1,5853718
5850265,1,5853717
5850259,1,5853711
5849214,1,5853685
5861603,1,5852295
5861569,1,5852261
5859484,1,5852191
5859438,1,5852146
5864680,1,5851461
5861529,1,5851244
5860310,1,5849081
5859262,1,5849031
5861227,1,5847031
5861226,1,5847030
5867544,7,5846396
5861214,1,5846040
5867423,1,5844323
5867396,1,5844296
5861039,1,5843910
5861031,1,5843902
5861024,1,5843895
5858916,1,5843779
5867379,1,5843301
5867368,7,5843291
5861007,1,5842900
5867313,1,5842256
5867310,1,5842253
5867262,1,5842206
5860918,1,5841831
5859859,1,5841785
5859750,1,5840695
5864968,1,5839982
5837327,7,5816476
5837319,1,5816468
5837293,1,5816442
5833058,1,5816216
5833040,7,5816198
5833008,1,5816166
5860639,7,5837633
5859600,1,5837602
5864039,1,6042385
5845812,1,5867851
5846795,1,5866882
5845796,1,5866867
5845729,1,5865832
5845698,8,5865801
5846671,1,5864821
5847085,1,5854572
5863718,1,5853436
5862735,1,5853429
5863659,1,5852396
5863641,1,5851398
5863610,7,5851367
5863571,1,5850348
5863532,1,5850309
5863531,1,5850308
5861496,1,5850233
5861495,1,5850232
5863504,1,5849302
5863458,1,5849256
5862457,1,5849231
5859232,1,5849001
5863437,1,5848252
5863365,1,5847199
5863269,1,5846122
5862272,1,5846101
5863242,1,5845116
5863207,1,5845081
5863198,1,5845072
5862148,1,5844018
5862134,1,5844004
5860999,1,5842892
5864077,1,5842033
5863047,1,5841979
5864002,1,5840974
5862998,1,5840945
5862997,1,5840944
5862996,1,5840943
5862994,1,5840941
5862940,1,5840887
5861944,1,5840867
5862912,1,5839879
5861863,1,5839806
5861778,1,5838737
5863825,1,5837854
5863794,1,5837823
5831170,1,5819208
5831165,1,5819203
5830840,1,5813958
5830716,1,5811867
5837211,1,5815374
5836012,1,5813212
5835975,1,5812192
5835887,1,5811123
5847015,1,5870005
5849739,1,5861935
5866950,1,5837001
5866949,1,5837000
5833153,1,5818278
5833375,1,5804710
5833019,1,5816177
5832979,1,5815151
5832978,1,5815150
5832977,1,5815149
5831777,1,5812972
5841792,3,5819869
5841788,1,5819865
5841766,7,5819843
5830190,1,5819167
5840627,1,5818723
5834210,1,5818336
5832112,1,5818232
5832099,8,5818219
5841648,7,5817754
5839456,7,5816590
5834128,1,5816285
5834077,1,5816234
5834076,2,5816233
5830964,1,5816051
5837524,22,5819623
5836372,1,5818493
5836370,8,5818491
5836351,1,5818472
5835271,1,5818396
5841631,1,5817737
5835199,1,5817341
5841619,1,5816741
5841591,1,5816713
5840493,1,5816621
5837324,7,5816473
5836232,1,5816386
5835140,1,5816298
5842650,22,5866656
5843623,3,5865685
5855220,1,5865360
5854213,5,5865328
5854180,7,5865296
5853140,8,5865232
5849964,1,5865059
5849960,1,5865055
5849959,1,5865054
5849958,1,5865053
5843580,1,5864672
5856167,1,5864361
5855104,7,5863303
5855091,1,5863290
5855081,1,5863280
5854052,7,5863227
5854045,3,5863220
5844456,1,5862632
5843426,7,5862578
5843398,1,5862550
5842405,7,5862533
5856046,1,5862300
5852942,1,5862124
5845416,1,5861646
5842338,8,5861499
5842325,1,5861486
5858098,1,5861433
5858067,1,5861402
5852870,7,5861085
5851836,1,5861049
5845366,1,5860630
5844320,1,5860562
5842230,7,5860424
5858044,1,5860412
5854888,1,5860184
5853858,1,5860130
5851740,1,5859987
5845327,1,5859625
5842184,7,5859411
5842166,1,5859393
5842165,1,5859392
5857965,1,5859365
5856909,1,5859285
5853803,1,5859107
5853766,1,5859070
5842097,22,5858357
5855822,3,5858206
5843109,7,5857423
5855759,1,5857172
5855747,1,5857160
5854691,1,5857080
5852626,1,5856967
5850485,1,5856837
5845088,3,5856479
5857754,1,5856247
5856670,3,5855167
5856628,1,5855125
5855628,1,5855101
5855623,1,5855096
5853545,1,5854970
5842908,3,5854312
5858673,1,5854250
5858654,7,5854231
5857642,1,5854195
5857625,1,5854178
5857606,7,5854159
5855537,7,5854042
5850264,1,5853716
5866867,3,5852606
5866793,1,5851551
5859379,1,5851107
5859378,1,5851106
5859337,1,5850085
5866670,7,5849470
5864549,1,5849371
5864535,1,5849357
5864460,1,5848299
5859204,1,5847990
5859203,1,5847989
5859169,1,5847955
5864411,1,5847269
5864395,1,5847253
5860158,1,5846969
5864342,1,5846219
5864172,1,5844090
5864147,1,5843085
5865136,1,5842116
5842082,22,5841728
5867220,1,5841182
5867169,1,5840152
5867160,1,5840143
5867141,1,5840124
5864978,1,5839992
5864973,1,5839987
5864955,1,5839969
5842815,1,5869724
5856540,1,5869575
5844850,23,5868839
5842750,1,5868691
5854404,8,5868423
5843725,1,5867723
5842684,1,5867658
5857426,1,5867550
5855370,1,5867446
5855366,1,5867442
5843714,4,5866743
5859705,1,5839670
5867092,1,5839096
5867070,1,5839074
5867066,1,5839070
5867062,1,5839066
5867040,1,5838066
5866994,1,5838021
5864879,1,5837931
5866967,1,5837018
5866925,1,5836976
5865910,7,5836937
5867360,1,5843283
5867342,1,5843265
5866306,1,5843223
5866270,1,5843187
5864151,1,5843089
5864121,1,5843059
5861002,1,5842895
5860964,1,5842857
5860959,1,5842852
5860836,1,5840767
5867114,1,5840097
5867113,1,5840096
5864903,1,5838934
5865971,8,5837977
5838605,3,5819698
5838583,1,5819676
5831194,1,5819232
5839511,1,5817629
5834172,1,5817314
5832064,1,5817200
5840504,1,5816632
5839442,7,5816576
5839441,7,5816575
5839440,7,5816574
5838308,1,5815462
5841466,1,5814617
5840384,1,5814541
5835003,1,5814189
5833998,1,5814182
5832892,1,5814081
5841398,1,5813565
5838199,7,5813384
5838179,1,5813364
5838178,1,5813363
5838177,1,5813362
5838176,7,5813361
5838162,1,5813347
5838161,1,5813346
5836029,7,5813229
5833923,1,5813123
5841250,1,5811454
5838077,1,5811298
5838057,1,5811279
5832678,1,5810917
5841168,1,5810387
5837858,1,5808129
5837823,1,5808094
5839895,1,5807171
5838844,1,5807126
5837800,1,5807088
5839825,1,5806117
5841913,1,5805216
5841912,1,5805215
5840832,1,5805137
5840826,1,5805131
5839724,7,5804053
5838645,1,5803980
5838644,1,5803979
5838643,1,5803978
5833314,1,5803667
5837940,7,6044923
5859481,1,6044470
5859155,1,6043431
5837212,7,5815375
5841485,1,5814636
5841473,1,5814624
5841471,1,5814622
5837170,8,5814349
5837153,1,5814332
5838149,3,5813334
5834948,1,5813149
5838106,1,5812309
5837046,1,5812258
5836970,1,5811201
5831642,1,5810869
5837945,1,5810182
5835849,1,5810100
5831556,1,5809799
5834689,1,5808957
5837829,1,5808100
5835722,1,5808006
5835635,7,5806936
5834554,1,5806857
5834538,1,5806841
5834535,1,5806838
5831390,1,5806686
5830375,1,5806610
5836663,1,5805974
5834528,1,5805848
5836572,6,5804903
5835523,1,5804859
5837549,1,5803890
5857849,7,6036535
5849136,1,5870150
5849123,1,5870137
5849087,1,5870101
5844940,1,5869897
5843902,1,5869835
5843891,1,5869824
5843862,1,5869795
5842809,1,5869718
5858613,1,5869696
5857567,1,5869626
5856498,1,5869533
5854444,1,5869431
5853417,1,5869380
5850215,1,5869176
5849086,1,5869134
5849079,1,5869128
5843804,1,5868769
5843800,7,5868765
5843783,1,5868748
5842774,1,5868715
5842773,1,5868714
5842763,1,5868704
5858530,1,5868645
5850168,1,5868163
5850120,1,5868115
5847943,1,5868023
5842700,1,5867674
5842692,1,5867666
5857440,1,5867564
5855368,1,5867444
5852257,1,5867266
5852247,1,5867257
5852245,1,5867255
5852233,1,5867243
5852228,1,5867238
5852224,1,5867234
5852216,1,5867226
5852203,1,5867213
5852202,1,5867212
5851173,1,5867189
5851166,1,5867182
5848945,1,5867066
5848944,1,5867065
5849350,1,6045000
5850377,1,6044985
5852456,7,6044969
5836936,1,6044941
5835857,1,6044939
5861353,1,6043924
5867513,4,6043402
5843992,1,5855391
5842994,1,5855369
5858727,1,5855271
5855622,1,5855095
5855619,1,5855092
5855594,1,5855067
5853562,1,5854986
5853533,1,5854958
5851421,1,5854829
5851420,1,5854828
5851405,1,5854813
5851404,1,5854812
5851400,1,5854808
5851388,1,5854796
5849290,1,5854726
5849285,1,5854722
5849284,1,5854721
5849231,1,5854669
5848150,1,5854660
5848137,1,5854648
5848120,1,5854631
5848108,1,5854619
5847102,1,5854589
5842903,1,5854307
5858699,1,5854275
5857601,1,5854154
5854501,1,5853982
5853447,1,5853904
5853445,1,5853902
5851376,1,5853816
5851373,1,5853813
5851372,1,5853812
5851345,1,5853785
5851327,1,5853767
5851324,1,5853764
5850288,1,5853740
5850270,1,5853722
5850251,1,5853703
5850250,1,5853702
5861693,1,5853364
5859452,1,5852160
5867289,1,5842233
5867268,1,5842212
5860935,1,5841848
5859835,1,5841761
5842079,1,5841725
5859752,1,5840697
5866084,1,5840052
5864921,1,5838952
5866917,1,5836968
5864662,1,5851443
5864629,1,5851410
5861533,1,5851248
5866759,1,5850537
5865647,1,5850466
5866647,1,5849447
5860339,1,5849110
5860305,1,5849076
5860288,1,5849059
5864422,1,5847280
5861284,1,5847088
5861230,1,5847034
5859125,1,5846930
5864345,1,5846222
5861166,1,5845992
5867519,1,5845394
5867518,1,5845393
5867517,1,5845392
5867511,1,5845387
5867494,1,5845370
5866441,1,5845317
5864243,1,5845141
5860057,1,5844913
5867393,1,5844293
5865273,1,5844215
5861084,1,5843955
5866297,1,5843214
5864134,1,5843072
5864117,1,5843055
5859906,1,5842809
5840707,1,5819788
5839675,1,5819762
5837519,1,5819618
5836466,1,5819570
5836424,1,5819529
5835361,1,5819471
5835360,1,5819470
5830192,1,5819169
5840632,1,5818728
5838539,1,5818647
5835323,1,5818448
5835314,1,5818439
5835313,1,5818438
5835312,1,5818437
5835287,1,5818412
5835286,1,5818411
5840621,1,5817732
5839491,1,5817609
5837384,1,5817517
5837368,1,5817501
5837339,1,5817472
5836325,1,5817463
5836323,1,5817461
5835210,1,5817352
5832049,1,5817185
5836201,1,5816355
5833062,1,5816220
5833041,1,5816199
5831985,1,5816136
5831002,1,5816089
5830950,1,5816037
5841513,1,5815649
5840488,1,5815629
5840447,1,5815589
5836186,1,5815354
5841469,1,5814620
5840396,1,5814553
5840395,1,5814552
5837166,1,5814345
5836132,1,5814315
5836104,1,5814288
5836079,1,5814263
5832916,1,5814105
5832904,1,5814093
5841405,1,5813572
5837075,1,5813269
5837073,1,5813267
5837072,1,5813266
5836053,1,5813253
5836045,1,5813245
5832851,1,5813056
5841799,1,5819876
5841765,1,5819842
5840739,1,5819820
5839685,1,5819771
5836437,1,5819542
5841756,1,5818847
5841751,1,5818842
5841743,1,5818834
5839586,1,5818688
5838498,1,5818606
5835317,1,5818442
5835311,1,5818436
5838055,1,5811277
5836992,1,5811223
5836950,1,5811181
5836940,1,5811171
5835913,1,5811149
5835897,1,5811133
5835883,1,5811119
5830661,1,5810828
5830617,1,5810784
5840089,1,5810314
5839072,1,5810303
5837965,1,5810202
5836919,1,5810164
5836902,1,5810147
5836872,1,5810117
5832637,1,5809892
5831548,1,5809791
5840042,1,5809283
5838975,1,5809222
5836867,1,5809127
5836852,1,5809113
5835741,1,5809007
5835736,1,5809002
5835735,1,5809001
5834688,1,5808956
5832560,1,5808831
5830520,1,5808721
5830490,1,5808691
5832135,1,5818255
5841691,1,5817797
5840582,1,5817694
5836327,1,5817464
5836291,1,5817429
5836272,1,5817410
5835258,1,5817399
5835225,1,5817367
5833134,1,5817275
5840546,1,5816674
5840539,1,5816667
5837306,1,5816455
5836224,1,5816378
5837254,1,5815417
5836161,1,5815329
5836160,1,5815328
5830929,1,5815030
5837160,1,5814339
5837149,1,5814328
5836088,1,5814272
5832908,1,5814097
5830812,1,5813930
5838209,1,5813393
5837124,1,5813318
5837107,1,5813301
5837106,1,5813300
5836063,1,5813262
5834998,1,5813198
5832842,1,5813047
5830781,1,5812915
5838128,1,5812331
5838096,1,5812299
5837053,1,5812265
5837025,1,5812237
5835995,1,5812212
5835994,1,5812211
5835993,1,5812210
5835967,1,5812184
5830719,1,5811870
5841285,1,5811489
5830489,1,5808690
5836800,1,5808078
5836792,1,5808071
5836750,1,5808029
5835674,1,5807958
5833586,1,5807870
5831432,1,5807712
5831418,1,5807698
5830430,1,5807649
5839952,1,5807227
5836703,1,5806999
5836671,1,5806967
5836670,1,5806966
5835665,1,5806965
5835621,8,5806922
5835619,1,5806920
5830370,1,5806605
5841978,1,5806263
5840916,1,5806202
5839880,1,5806172
5835592,1,5805908
5835581,1,5805898
5835561,1,5805878
5835559,1,5805876
5835555,1,5805872
5833465,1,5805781
5832383,1,5805700
5841914,1,5805217
5841907,1,5805210
5840853,1,5805158
5830218,1,5804488
5841885,1,5804205
5841853,1,5804173
5841841,1,5804161
5836493,1,5803842
5835451,1,5803805
5835446,1,5803800
5835433,1,5803787
5848917,1,5867039
5848884,1,5867006
5843689,1,5866719
5842645,1,5866651
5842643,1,5866649
5842618,1,5866624
5855266,1,5866374
5852183,1,5866228
5852180,1,5866225
5852175,1,5866220
5852174,1,5866219
5852151,1,5866196
5852145,1,5866190
5852141,1,5866186
5852124,1,5866169
5852123,1,5866168
5851117,1,5866166
5842576,1,5865614
5855253,1,5865392
5853141,1,5865233
5852122,1,5865201
5852113,1,5865193
5852104,1,5865184
5852102,1,5865182
5852099,1,5865179
5852092,1,5865172
5852091,1,5865171
5852087,1,5865167
5852082,1,5865162
5852081,1,5865161
5852080,1,5865160
5852079,1,5865159
5852075,1,5865155
5852070,1,5865150
5852069,1,5865149
5852068,1,5865148
5852058,1,5865138
5851051,1,5865134
5851037,1,5865121
5848765,1,5864958
5848749,1,5864942
5845633,1,5864767
5845611,1,5864745
5843543,1,5864635
5856203,1,5864397
5852050,1,5864162
5852035,1,5864148
5852017,1,5864130
5852002,1,5864115
5851997,1,5864110
5851993,1,5864106
5851989,1,5864102
5844549,1,5863694
5844546,1,5863691
5843480,1,5863601
5842436,1,5863533
5856110,1,5863333
5851986,1,5863130
5851985,1,5863129
5851968,1,5863114
5851967,1,5863113
5851965,1,5863111
5851938,1,5863084
5851936,1,5863082
5851935,1,5863081
5850852,1,5863000
5849808,1,5862968
5849807,1,5862967
5849806,1,5862966
5848634,1,5862893
5848609,1,5862868
5847588,1,5862823
5844434,1,5862610
5844433,1,5862609
5843441,1,5862593
5843411,1,5862563
5842415,1,5862542
5842369,1,5862497
5842362,1,5862490
5857088,1,5862366
5847557,1,5861826
5846471,1,5861715
5844419,1,5861628
5843377,1,5861562
5843362,1,5861547
5843330,1,5861515
5857038,1,5861349
5854982,1,5861245
5850777,1,5860994
5850738,1,5860955
5850737,1,5860954
5849646,1,5860878
5849645,1,5860877
5848532,1,5860858
5848531,1,5860857
5843263,1,5860481
5842262,1,5860456
5854909,1,5860205
5852829,1,5860077
5850679,1,5859931
5850661,1,5859913
5847382,1,5859717
5844274,7,5859549
5843217,1,5859468
5843201,1,5859452
5842186,1,5859413
5857931,1,5859331
5855874,1,5859226
5852781,1,5859060
5852764,1,5859044
5850645,1,5858931
5850643,1,5858929
5850611,1,5858898
5844184,1,5858491
5844179,1,5858486
5843175,1,5858458
5852713,1,5858025
5852672,1,5857984
5851633,1,5857946
5852816,1,5860064
5848039,1,5870054
5848034,1,5870049
5858625,1,5869708
5858578,1,5869661
5856500,1,5869535
5852335,1,5869276
5851299,1,5869247
5851292,1,5869240
5851277,1,5869225
5851270,1,5869218
5849046,1,5869095
5849043,1,5869092
5849029,1,5869078
5848007,1,5869054
5835591,1,6044392
5847981,1,5869028
5847975,1,5869022
5847964,1,5869011
5843826,1,5868791
5857480,1,5868571
5854403,1,5868422
5854365,1,5868384
5852320,1,5868295
5851243,1,5868225
5851202,1,5868184
5850116,1,5868111
5849003,1,5868089
5847929,1,5868009
5846857,1,5867912
5857417,1,5867541
5857415,1,5867539
5854298,1,5867350
5851158,1,5867174
5851144,1,5867160
5848916,1,5867038
5847852,1,5866964
5846818,7,5866905
5845783,1,5866854
5844751,1,5866805
5844700,7,5866754
5853233,1,5866293
5853215,1,5866275
5851098,1,5866148
5851070,1,5866120
5858349,1,5865561
5856293,1,5865456
5854165,1,5865281
5851012,1,5865096
5849942,1,5865037
5849941,1,5865036
5849939,1,5865034
5849921,1,5865016
5849920,1,5865015
5849908,1,5865003
5848756,1,5864949
5847738,1,5864913
5846688,1,5864838
5842534,1,5864602
5842489,1,5864557
5855130,1,5864300
5854143,1,5864289
5853094,1,5864216
5853046,1,5864168
5850979,1,5864095
5849905,1,5864031
5849858,1,5863985
5848716,1,5863942
5847688,1,5863892
5847677,1,5863881
5847662,1,5863866
5846644,1,5863823
5844518,1,5863663
5843507,1,5863628
5854069,1,5863244
5850871,1,5863019
5850867,1,5863015
5849836,1,5862995
5849821,1,5862981
5849799,1,5862959
5849788,1,5862948
5849782,1,5862942
5848618,4,5862877
5847608,1,5862843
5851618,1,5857931
5850553,1,5857873
5849463,1,5857800
5848282,1,5857703
5843098,1,5857412
5856792,1,5857229
5854679,1,5857068
5853693,1,5857057
5851545,1,5856889
5851521,1,5856865
5850496,1,5856848
5850482,1,5856834
5850453,1,5856805
5849385,1,5856754
5847212,1,5856638
5843054,1,5856397
5843049,1,5856392
5843028,1,5856371
5855693,1,5856138
5854626,1,5856047
5854624,1,5856045
5852545,1,5855918
5851511,1,5855889
5850397,1,5855784
5850396,1,5855783
5850393,1,5855780
5849356,1,5855760
5847123,1,5855581
5858764,1,5855307
5854550,1,5854999
5852523,1,5854923
5851453,1,5854860
5851452,1,5854859
5851399,1,5854807
5851392,1,5854800
5850353,1,5854772
5849240,1,5854678
5843976,1,5854403
5843952,1,5854380
5857643,1,5854196
5856617,1,5854145
5856564,1,5854093
5853439,1,5853896
5851322,1,5853762
5850291,1,5853743
5850290,1,5853742
5850268,1,5853720
5850267,1,5853719
5864698,1,5852458
5864664,1,5851445
5864651,1,5851432
5864632,1,5851413
5864621,1,5850422
5865514,1,5848376
5864391,1,5847249
5864324,1,5846201
5867471,1,5845347
5865311,1,5845233
5860072,1,5844928
5860026,1,5844882
5860023,1,5844879
5864190,1,5844108
5866285,1,5843202
5859912,1,5842815
5867272,1,5842216
5867267,1,5842211
5860940,1,5841853
5867174,1,5840156
5867065,1,5839069
5859644,1,5838625
5861737,1,5837718
5861736,1,5837717
5866914,1,5836965
5847595,1,5862830
5847570,1,5862805
5846573,1,5862783
5846544,1,5862754
5843401,1,5862553
5857111,1,5862389
5856097,1,5862350
5855019,1,5862249
5854013,1,5862219
5854009,1,5862215
5852952,1,5862134
5852948,1,5862130
5852947,1,5862129
5852917,1,5862099
5850838,1,5862020
5850832,1,5862014
5850825,1,5862007
5850789,1,5861971
5849738,1,5861934
5848574,1,5861867
5848565,1,5861858
5848562,1,5861855
5847554,1,5861823
5847516,1,5861785
5847515,1,5861784
5847510,1,5861779
5858095,1,5861430
5855973,1,5861260
5854975,1,5861238
5850776,1,5860993
5850772,1,5860989
5850744,1,5860961
5850742,1,5860959
5849670,1,5860902
5849660,1,5860892
5849659,1,5860891
5848541,1,5860866
5848514,1,5860840
5848485,1,5860811
5848481,1,5860807
5847453,1,5860755
5847452,1,5860754
5844331,1,5860573
5844316,1,5860558
5842246,1,5860440
5842235,1,5860429
5858004,1,5860372
5857999,1,5860367
5857009,1,5860352
5855952,1,5860272
5850654,1,5859906
5850653,1,5859905
5848476,1,5859834
5848473,1,5859831
5848470,1,5859829
5848450,1,5859809
5847393,1,5859728
5846367,1,5859679
5856940,1,5859315
5856938,1,5859314
5854826,1,5859154
5853781,1,5859085
5850647,1,5858933
5850630,1,5858917
5850613,1,5858900
5850602,1,5858889
5850596,1,5858883
5849559,1,5858863
5849525,1,5858829
5848404,1,5858795
5848396,1,5858787
5848365,1,5858756
5847352,1,5858719
5847334,1,5858701
5847327,1,5858694
5847315,1,5858682
5842128,1,5858388
5857895,1,5858327
5852692,1,5858004
5850537,1,5857857
5849438,1,5857775
5844148,1,5857486
5844122,1,5857460
5844112,1,5857450
5843095,1,5857409
5843075,1,5857389
5856771,1,5857208
5853651,1,5857016
5852597,1,5856938
5851586,1,5856929
5851576,1,5856920
5851544,1,5856888
5851536,1,5856880
5850451,1,5856803
5849403,1,5856772
5849397,1,5856766
5849363,1,5856732
5847178,1,5856604
5844057,1,5856424
5843052,1,5856395
5857747,1,5856240
5856703,1,5856172
5855708,1,5856152
5854658,1,5856079
5853584,1,5855981
5851508,1,5855886
5851501,1,5855879
5851500,1,5855878
5851491,1,5855869
5851461,1,5855839
5851460,1,5855838
5850379,1,5855766
5848179,1,5855661
5847168,1,5855626
5846085,1,5855524
5860746,1,5838717
5860644,1,5837638
5833254,1,5819363
5833210,1,5819319
5831200,1,5819238
5831199,1,5819237
5831147,1,5819185
5830179,1,5819156
5830167,1,5819144
5830157,1,5819134
5830147,1,5819124
5830141,1,5819118
5833190,1,5818315
5833167,1,5818292
5833166,1,5818291
5833160,1,5818285
5833159,1,5818284
5833137,1,5818262
5832124,1,5818244
5832100,1,5818220
5831136,1,5818190
5831107,1,5818161
5831106,1,5818160
5831084,1,5818138
5831083,1,5818137
5839517,1,5817635
5839516,1,5817634
5839515,1,5817633
5833129,1,5817271
5833082,1,5817224
5833081,1,5817223
5832065,1,5817201
5832054,1,5817190
5831074,1,5817144
5831061,1,5817132
5831055,1,5817126
5831053,1,5817124
5831050,1,5817121
5831047,1,5817118
5831029,1,5817100
5831016,1,5817087
5833049,1,5816207
5833039,1,5816197
5833015,1,5816173
5833001,1,5816159
5830990,1,5816077
5830989,1,5816076
5830980,1,5816067
5830948,1,5816035
5831924,1,5815088
5831895,1,5815059
5831894,1,5815058
5830894,1,5814995
5830889,1,5814990
5831870,3,5814050
5830822,1,5813940
5830821,1,5813939
5830820,1,5813938
5830780,1,5812914
5830776,1,5812910
5830775,1,5812909
5830774,1,5812908
5830755,1,5812889
5838120,1,5812323
5831707,1,5811918
5831704,1,5811915
5830722,1,5811873
5830696,1,5811847
5830685,1,5811836
5830683,1,5811834
5833795,1,5811029
5831628,1,5810855
5831627,1,5810854
5831624,1,5810851
5831623,1,5810850
5831622,1,5810849
5831621,1,5810848
5831613,1,5810840
5830663,1,5810830
5830655,1,5810822
5830653,1,5810820
5830652,1,5810819
5830651,1,5810818
5830643,1,5810810
5831601,1,5809844
5831597,1,5809840
5831596,1,5809839
5831593,1,5809836
5831592,1,5809835
5831591,1,5809834
5831587,1,5809830
5831582,1,5809825
5831581,1,5809824
5831580,1,5809823
5831578,1,5809821
5831577,1,5809820
5831576,1,5809819
5831574,1,5809817
5831573,1,5809816
5831572,1,5809815
5831570,1,5809813
5830547,1,5809729
5830546,1,5809728
5831524,1,5808786
5831515,1,5808777
5831479,1,5808741
5831478,1,5808740
5830506,1,5808707
5830491,1,5808692
5831475,1,5807754
5831474,1,5807753
5831469,1,5807749
5831461,1,5807741
5831455,1,5807735
5831420,1,5807700
5831414,1,5807694
5831413,1,5807693
5830461,1,5807680
5830421,1,5807640
5833507,1,5806806
5833506,1,5806805
5831403,1,5806699
5831384,1,5806680
5831383,1,5806679
5831376,1,5806672
5831368,1,5806664
5831367,1,5806663
5831366,1,5806662
5831348,1,5806644
5831343,1,5806639
5830386,1,5806621
5831342,1,5805655
5831316,1,5805630
5831307,1,5805621
5831299,1,5805613
5831297,1,5805611
5831295,1,5805609
5831292,1,5805606
5831288,1,5805602
5830324,1,5805577
5830323,1,5805576
5830319,1,5805572
5830300,1,5805553
5830295,1,5805548
5830281,1,5805534
5830278,1,5805531
5830274,1,5805527
5832296,1,5804629
5831273,1,5804603
5831270,1,5804601
5831247,1,5804578
5831211,1,5804542
5830270,1,5804539
5830226,1,5804496
5830213,1,5804483
5830211,1,5804481
5833285,1,5803638
5836033,1,5813233
5838075,1,5811296
5830380,1,5806615
5830379,1,5806614
5839835,1,5806127
5830207,1,5804477
5830206,1,5804476
5848294,1,5857715
5861443,1,5850181
5861442,1,5850180
5856224,1,6037589
5860219,1,6043433
5845734,1,6038081
5832136,1,6038052
5860554,1,6044472
5860545,1,5852249
5860492,1,5852196
5860442,1,5851168
5860333,1,5849104
5860230,1,5848020
5860217,1,5847027
5860209,1,5847020
5860195,1,5847006
5860109,1,5845942
5860890,1,5841803
5860872,1,5840803
5860867,1,5840798
5860800,1,5839753
5860745,1,5838716
5860736,1,5838707
5860707,1,5838678
5860623,1,5837617
5839547,1,5817665
5840369,1,5814526
5837194,1,5814373
5838119,1,5812322
5838118,1,5812321
5834756,1,5810008
5834721,1,5808989
5834692,1,5808960
5834684,1,5808952
5834610,1,5807896
5838843,1,5807125
5834579,1,5806882
5838686,1,5805003
5831473,1,6044426
5843778,1,6038649
5841821,1,5819898
5841815,1,5819892
5841814,7,5819891
5841808,1,5819885
5841807,1,5819884
5841782,1,5819859
5841771,1,5819848
5840744,1,5819825
5840735,1,5819816
5840710,1,5819791
5839673,1,5819760
5839668,1,5819755
5839665,1,5819752
5839658,1,5819745
5839657,1,5819744
5839630,1,5819717
5838607,1,5819700
5838602,1,5819695
5838601,1,5819694
5838594,1,5819687
5838593,1,5819686
5838588,1,5819681
5838562,1,5819655
5838559,1,5819652
5836445,1,5819550
5832205,1,5819309
5832199,1,5819304
5832187,1,5819292
5832166,1,5819271
5831187,1,5819225
5841717,1,5818808
5840685,1,5818781
5840679,1,5818775
5840674,1,5818770
5840662,1,5818758
5840660,1,5818756
5840659,1,5818755
5840658,1,5818754
5839612,1,5818714
5839610,1,5818712
5839592,1,5818694
5839591,1,5818693
5838535,1,5818643
5838528,1,5818636
5838517,1,5818625
5838508,1,5818616
5838481,1,5818589
5838480,1,5818588
5832122,1,5818242
5830132,1,5818125
5840622,1,5817733
5840595,1,5817707
5840579,1,5817691
5840564,1,5817676
5840563,1,5817675
5840558,1,5817670
5840557,1,5817669
5839542,1,5817660
5839535,1,5817653
5839507,1,5817625
5839493,1,5817611
5837379,1,5817512
5835250,1,5817392
5832063,1,5817199
5832043,1,5817179
5832026,1,5817162
5831035,1,5817106
5841617,1,5816739
5841611,1,5816733
5841596,1,5816718
5841583,1,5816705
5841577,1,5816699
5841576,1,5816698
5840556,1,5816683
5840555,1,5816682
5840545,1,5816673
5840520,1,5816648
5840517,1,5816645
5840511,1,5816639
5840503,1,5816631
5839457,1,5816591
5839443,1,5816577
5848065,1,5870080
5848038,1,5870053
5847035,1,5870025
5858634,1,5869716
5858633,1,5869715
5857551,1,5869610
5857547,1,5869606
5856509,1,5869544
5856508,1,5869543
5856507,1,5869542
5855504,1,5869515
5855489,1,5869500
5855485,1,5869496
5855457,1,5869468
5853399,1,5869362
5853374,1,5869337
5847982,1,5869029
5847977,1,5869024
5847976,1,5869023
5846918,1,5868940
5858569,1,5868683
5858553,1,5868668
5858533,1,5868648
5858531,1,5868646
5858522,1,5868637
5858521,1,5868636
5856477,1,5868544
5856467,1,5868534
5856466,1,5868533
5855421,1,5868464
5855420,1,5868463
5854351,1,5868370
5853356,1,5868351
5847949,1,5868029
5847897,1,5867977
5846917,1,5867971
5846914,1,5867968
5846880,1,5867935
5858498,1,5867646
5858495,1,5867643
5858494,1,5867642
5858490,1,5867638
5858489,1,5867637
5858488,1,5867636
5858442,1,5867590
5857435,1,5867559
5857434,1,5867558
5857407,1,5867531
5856408,1,5867508
5856385,1,5867485
5856383,1,5867483
5855342,1,5867418
5854323,1,5867375
5853298,1,5867326
5853290,1,5867318
5847865,1,5866977
5846807,1,5866894
5858423,1,5866603
5858404,1,5866584
5858385,1,5866565
5858384,1,5866564
5858383,1,5866563
5858382,1,5866562
5858381,1,5866561
5858375,1,5866555
5857389,1,5866545
5857518,1,5868609
5858037,1,5860405
5855791,1,5858175
5854651,1,5856072
5854650,1,5856071
5831167,1,5819205
5831158,1,5819196
5830196,1,5819173
5830195,1,5819172
5830186,1,5819163
5830163,1,5819140
5830159,1,5819136
5830158,1,5819135
5831099,1,5818153
5831088,1,5818142
5831056,1,5817127
5831024,1,5817095
5830993,1,5816080
5830954,1,5816041
5830953,1,5816040
5830952,1,5816039
5830908,1,5815009
5830907,1,5815008
5830906,1,5815007
5831831,1,5814011
5830835,1,5813953
5830831,1,5813949
5830824,1,5813942
5830788,1,5812922
5830787,1,5812921
5830765,1,5812899
5830746,1,5812880
5830723,1,5811874
5830690,1,5811841
5830689,1,5811840
5830688,1,5811839
5830679,1,5811830
5830650,1,5810817
5830640,1,5810807
5830636,1,5810803
5830635,1,5810802
5830634,1,5810801
5830633,1,5810800
5830582,1,5809764
5830577,1,5809759
5830522,1,5808723
5831434,1,5807714
5838395,1,5816535
5838381,1,5816521
5838373,1,5816513
5832006,1,5816156
5832005,1,5816155
5831945,1,5816096
5830971,1,5816058
5857336,1,5866492
5856307,1,5866439
5856304,1,5866436
5855292,1,5866400
5855274,1,5866382
5853218,1,5866278
5853179,1,5866239
5849985,1,5866047
5849984,1,5866046
5830455,1,5807674
5831373,1,5806669
5831358,1,5806654
5830369,1,5806604
5830348,1,5806583
5831341,1,5805654
5831334,1,5805648
5831333,1,5805647
5831329,1,5805643
5831317,1,5805631
5831310,1,5805624
5832283,1,5804616
5841541,1,5815677
5841530,1,5815666
5841521,1,5815657
5841517,1,5815653
5841516,1,5815652
5841505,1,5815641
5841501,1,5815637
5840482,1,5815624
5840481,1,5815623
5840460,1,5815602
5840459,1,5815601
5840446,1,5815588
5840432,1,5815574
5839398,1,5815546
5839397,1,5815545
5838345,1,5815498
5838316,1,5815470
5838313,1,5815467
5838312,1,5815466
5838309,1,5815463
5838285,1,5815439
5838284,1,5815438
5836184,1,5815352
5831925,1,5815089
5831904,1,5815068
5841493,1,5814643
5841482,1,5814633
5841476,1,5814627
5840418,1,5814575
5840399,1,5814556
5840394,1,5814551
5840387,1,5814544
5840378,1,5814535
5840370,1,5814527
5840367,1,5814524
5838278,1,5814446
5838251,1,5814420
5838224,1,5814393
5840348,1,5813521
5840344,1,5813517
5840296,1,5813469
5839241,1,5813420
5839240,1,5813419
5839239,1,5813418
5839226,1,5813405
5838206,1,5813391
5838189,1,5813374
5838165,1,5813350
5838150,1,5813335
5834992,1,5813193
5834991,1,5813192
5834985,1,5813186
5834961,1,5813162
5834959,1,5813160
5834953,1,5813154
5834940,1,5813141
5834936,1,5813137
5833934,1,5813133
5831761,1,5812956
5830751,1,5812885
5841315,1,5812500
5841314,1,5812499
5841306,1,5812491
5841305,1,5812490
5841304,1,5812489
5841301,1,5812486
5841299,1,5812484
5840267,1,5812458
5840266,1,5812457
5840265,1,5812456
5840260,1,5812451
5840259,1,5812450
5840255,1,5812446
5840245,1,5812436
5840243,1,5812434
5840239,1,5812430
5840238,1,5812429
5840237,1,5812428
5840236,1,5812427
5840235,1,5812426
5840231,1,5812422
5840227,1,5812418
5839214,1,5812410
5839205,1,5812402
5857890,1,5858322
5857873,1,5858305
5857861,1,5858293
5857860,1,5858292
5856872,1,5858280
5856864,1,5858272
5856862,1,5858270
5856856,1,5858264
5856838,7,5858246
5856837,1,5858245
5856825,1,5858233
5855823,1,5858207
5855798,1,5858182
5855776,1,5858160
5854764,1,5858124
5854749,1,5858109
5854747,1,5858107
5854746,1,5858106
5853734,1,5858070
5853720,1,5858056
5853703,1,5858039
5853699,7,5858035
5852711,1,5858023
5852688,1,5858000
5852686,1,5857998
5852683,1,5857995
5852664,1,5857976
5849460,1,5857797
5849456,1,5857793
5849455,1,5857792
5849454,1,5857791
5849441,7,5857778
5849434,1,5857771
5849430,1,5857767
5848339,1,5857760
5848338,1,5857759
5848333,1,5857754
5848298,1,5857719
5848293,1,5857714
5848292,1,5857713
5847293,1,5857690
5847292,1,5857689
5847290,1,5857687
5847286,1,5857683
5847285,1,5857682
5847284,1,5857681
5846261,1,5857636
5846252,1,5857628
5846249,1,5857625
5846247,1,5857623
5846246,1,5857622
5846244,1,5857620
5846241,1,5857617
5846240,1,5857616
5846233,1,5857609
5846228,1,5857604
5846220,1,5857596
5841846,1,5804166
5840822,1,5804144
5840799,1,5804122
5840798,1,5804121
5840795,1,5804118
5840762,1,5804085
5840761,1,5804084
5840760,1,5804083
5839711,1,5804040
5839696,1,5804025
5839693,1,5804022
5839691,1,5804020
5839689,1,5804018
5838651,1,5803986
5838642,1,5803977
5838640,1,5803975
5838638,1,5803973
5838626,1,5803961
5838619,1,5803954
5837603,1,5803944
5837596,1,5803937
5837576,1,5803917
5837557,1,5803898
5834395,1,5803750
5834394,1,5803749
5834392,1,5803748
5834391,1,5803747
5834390,1,5803746
5834387,1,5803743
5834380,1,5803736
5834376,1,5803732
5834367,1,5803723
5834358,1,5803714
5834345,1,5803701
5833312,1,5803665
5833301,1,5803654
5833299,1,5803652
5833295,1,5803648
5833294,1,5803647
5833286,1,5803639
5832268,1,5803617
5832266,1,5803616
5832243,1,5803593
5832219,1,5803569
5832218,1,5803568
5851786,1,5860032
5851785,1,5860031
5851778,1,5860025
5851772,1,5860019
5851751,1,5859998
5851746,1,5859993
5851735,1,5859982
5851728,1,5859975
5851723,1,5859970
5851721,1,5859968
5848475,1,5859833
5848468,1,5859827
5848458,1,5859817
5848424,1,5859783
5847435,1,5859769
5847407,1,5859742
5847394,1,5859729
5846372,1,5859684
5846353,1,5859665
5846338,1,5859650
5845342,1,5859639
5845326,1,5859624
5845324,1,5859622
5845315,1,5859613
5845308,1,5859606
5845305,1,5859603
5845304,1,5859602
5845303,1,5859601
5845302,1,5859600
5844299,1,5859573
5844280,1,5859555
5842179,1,5859406
5857957,1,5859357
5857923,1,5859323
5857922,1,5859322
5856943,1,5859318
5856935,1,5859311
5856924,1,5859300
5856922,1,5859298
5856916,1,5859292
5856902,1,5859278
5856891,1,5859267
5855863,1,5859215
5854843,1,5859171
5854827,1,5859155
5854815,1,5859143
5854811,1,5859139
5853805,1,5859109
5853804,1,5859108
5853789,1,5859093
5853788,1,5859092
5852756,1,5859036
5852753,1,5859033
5852752,1,5859032
5852751,1,5859031
5852733,1,5859013
5846218,1,5857594
5846216,1,5857592
5846213,1,5857589
5846203,1,5857579
5845211,1,5857573
5845185,1,5857547
5845179,1,5857541
5845164,1,5857526
5845151,1,5857513
5845149,22,5857511
5845148,1,5857510
5844164,1,5857502
5844150,1,5857488
5844144,1,5857482
5844139,1,5857477
5844128,1,5857466
5844120,1,5857458
5843124,1,5857438
5843122,1,5857436
5843089,1,5857403
5843082,1,5857396
5857831,1,5857292
5857819,1,5857280
5857817,1,5857278
5857816,1,5857277
5857812,1,5857273
5857809,1,5857270
5856802,7,5857239
5856799,1,5857236
5856798,1,5857235
5856777,1,5857214
5856776,1,5857213
5856775,1,5857212
5856770,1,5857207
5856756,1,5857193
5855763,1,5857176
5855721,1,5857134
5855720,7,5857133
5854733,1,5857121
5854726,1,5857115
5854722,1,5857111
5854714,7,5857103
5854690,1,5857079
5854688,1,5857077
5854675,1,5857064
5853687,1,5857052
5853674,1,5857039
5853673,1,5857038
5832869,1,5814058
5837117,1,5813311
5837074,1,5813268
5836057,1,5813257
5833926,1,5813126
5832862,1,5813066
5832856,1,5813061
5832849,1,5813054
5832846,1,5813051
5832841,1,5813046
5832840,1,5813045
5832833,1,5813038
5832832,1,5813037
5832831,1,5813036
5832822,1,5813027
5832818,1,5813023
5832801,1,5813006
5835981,1,5812198
5832754,1,5811976
5832738,1,5811960
5832736,1,5811958
5837002,1,5811232
5835920,1,5811156
5835879,1,5811115
5832698,1,5810937
5832690,1,5810929
5832688,1,5810927
5832682,1,5810921
5832681,1,5810920
5830668,1,5810835
5849128,1,5870142
5844917,1,5869874
5844892,1,5869849
5842863,1,5869772
5855459,1,5869470
5852392,1,5869332
5852373,1,5869314
5852372,1,5869313
5852367,3,5869308
5852366,3,5869307
5852365,3,5869306
5852348,1,5869289
5851300,1,5869248
5851298,1,5869246
5851293,1,5869241
5851289,1,5869237
5851286,1,5869234
5851265,1,5869213
5846973,1,5868995
5845933,1,5868938
5844859,1,5868848
5844845,1,5868834
5852321,1,5868296
5852260,1,5868235
5851241,1,5868223
5851234,1,5868216
5851232,1,5868214
5851228,1,5868210
5837394,1,5817527
5836305,1,5817443
5836271,1,5817409
5835241,1,5817383
5835216,1,5817358
5835203,1,5817345
5831067,1,5817138
5852031,1,5864144
5852022,1,5864135
5852019,1,5864132
5852018,1,5864131
5852012,1,5864125
5852010,1,5864123
5852008,1,5864121
5852001,1,5864114
5851992,1,5864105
5850973,1,5864089
5850960,1,5864076
5850954,1,5864070
5850931,1,5864047
5849853,1,5863980
5848702,1,5863928
5844547,3,5863692
5851981,1,5863126
5851974,1,5863120
5851973,1,5863119
5851963,1,5863109
5851960,1,5863106
5851955,1,5863101
5851951,1,5863097
5851947,1,5863093
5850901,1,5863049
5850897,1,5863045
5850892,1,5863040
5850888,1,5863036
5850887,1,5863035
5850883,1,5863031
5850882,1,5863030
5850880,1,5863028
5850877,1,5863025
5837541,1,5819639
5837530,1,5819629
5837525,1,5819624
5837508,1,5819607
5837503,1,5819602
5837502,1,5819601
5837484,1,5819583
5837482,1,5819581
5837476,1,5819575
5836463,1,5819567
5836461,1,5819565
5836441,1,5819546
5836435,1,5819540
5836406,1,5819511
5835380,8,5819490
5835343,1,5819453
5835342,1,5819452
5835341,1,5819451
5833242,1,5819351
5838532,1,5818640
5838501,1,5818609
5838500,1,5818608
5837467,1,5818583
5837464,1,5818580
5837462,1,5818578
5837461,1,5818577
5837450,1,5818566
5837443,1,5818559
5837442,1,5818558
5837441,1,5818557
5837435,1,5818551
5837433,1,5818549
5837431,1,5818547
5837430,1,5818546
5836367,1,5818488
5835285,1,5818410
5851227,1,5868209
5851207,1,5868189
5851204,1,5868186
5851191,1,5868173
5846869,1,5867924
5846868,1,5867923
5845831,1,5867870
5844766,1,5867788
5843755,1,5867753
5842712,1,5867686
5842711,1,5867685
5842710,1,5867684
5854333,1,5867385
5853256,1,5867284
5852249,1,5867259
5852239,1,5867249
5852238,1,5867248
5852237,1,5867247
5852209,1,5867219
5852195,1,5867205
5852194,1,5867204
5852193,1,5867203
5852192,1,5867202
5852191,1,5867201
5851181,1,5867197
5851179,1,5867195
5851176,1,5867192
5851159,1,5867175
5851143,1,5867159
5851126,1,5867142
5851125,1,5867141
5846809,1,5866896
5844709,1,5866763
5852190,1,5866234
5852181,1,5866226
5852179,1,5866224
5852165,1,5866210
5852163,1,5866208
5852157,1,5866202
5852155,1,5866200
5852153,1,5866198
5852149,1,5866194
5852144,1,5866189
5852143,1,5866188
5852142,1,5866187
5852130,1,5866175
5851112,1,5866162
5851106,1,5866156
5851075,1,5866125
5851067,1,5866117
5851064,1,5866114
5851059,1,5866109
5851058,1,5866108
5847821,1,5865965
5846765,1,5865884
5844691,1,5865776
5844681,1,5865767
5842571,1,5865609
5858326,1,5865538
5853158,1,5865250
5852098,1,5865178
5852097,1,5865177
5852083,1,5865163
5852066,1,5865146
5852063,1,5865143
5851046,1,5865130
5851043,1,5865127
5851036,1,5865120
5851022,1,5865106
5851001,1,5865085
5851000,1,5865084
5850999,1,5865083
5850994,1,5865078
5850993,1,5865077
5850991,1,5865075
5850990,1,5865074
5850986,1,5865070
5848792,1,5864985
5846714,1,5864864
5842515,1,5864583
5842514,1,5864582
5853072,1,5864194
5852044,1,5864157
5852043,1,5864156
5852042,1,5864155
5852038,1,5864151
5835197,1,6038017
5841628,1,5816749
5841570,1,5816692
5841566,1,5816688
5840492,1,5816620
5838355,1,5816495
5836266,1,5816419
5836202,1,5816356
5835198,1,5816354
5835173,1,5816331
5835172,1,5816330
5835145,1,5816303
5835136,1,5816294
5832001,1,5816152
5837231,1,5815394
5837228,1,5815391
5837224,1,5815387
5836174,1,5815342
5836162,1,5815330
5836145,1,5815313
5836141,1,5815309
5832939,1,5815111
5831899,1,5815063
5839294,1,5814457
5839293,1,5814456
5838276,1,5814444
5832923,1,5814112
5832884,1,5814073
5832883,1,5814072
5832874,1,5814063
5836042,1,5813242
5836035,1,5813235
5833920,1,5813120
5832839,1,5813044
5832830,1,5813035
5841349,1,5812534
5838110,1,5812313
5837043,1,5812255
5835990,1,5812207
5835969,1,5812186
5835968,1,5812185
5835953,1,5812170
5834928,1,5812146
5834867,1,5812085
5849812,1,5862972
5849811,1,5862971
5844486,1,5862662
5842407,1,5862535
5842372,1,5862500
5858122,1,5862424
5856096,1,5862349
5850850,1,5862031
5850834,1,5862016
5850828,1,5862010
5850827,1,5862009
5850797,1,5861979
5850795,1,5861977
5850794,1,5861976
5844422,3,5861631
5843387,1,5861572
5843335,1,5861520
5842337,1,5861498
5842336,1,5861497
5842310,1,5861471
5842289,1,5861450
5853947,1,5861186
5850765,1,5860982
5850762,1,5860979
5850757,1,5860974
5850751,1,5860968
5850750,1,5860967
5850732,1,5860949
5850719,1,5860936
5849641,1,5860873
5849635,1,5860867
5847443,1,5860745
5846451,1,5860729
5844303,3,5860545
5857996,7,5860364
5850693,1,5859945
5850688,1,5859940
5850682,1,5859934
5850681,1,5859933
5850680,1,5859932
5850667,1,5859919
5850663,1,5859915
5850660,1,5859912
5850655,1,5859907
5847425,1,5859760
5850600,1,5858887
5849528,1,5858832
5849510,1,5858814
5847359,1,5858726
5844237,3,5858543
5844208,1,5858515
5844206,1,5858513
5844194,1,5858501
5844193,1,5858500
5851641,1,5857954
5851634,1,5857947
5851632,1,5857945
5851616,1,5857929
5851614,1,5857927
5851612,1,5857925
5851608,1,5857921
5851602,1,5857915
5850571,1,5857891
5849473,1,5857810
5844138,1,5857476
5851548,1,5856892
5851541,1,5856885
5851525,1,5856869
5850505,1,5856857
5850454,1,5856806
5850452,1,5856804
5849413,1,5856782
5844059,1,5856426
5843012,1,5856355
5851514,1,5855892
5851505,1,5855883
5850405,1,5855792
5850398,1,5855785
5849323,1,5855728
5849322,1,5855727
5842995,1,5855370
5856669,1,5855166
5855637,1,5855110
5852462,1,5854863
5846648,1,5863827
5846647,1,5863826
5846603,1,5863782
5842346,1,5861507
5863778,1,5853496
5863771,1,5853489
5862613,1,5852326
5863622,1,5851379
5862574,1,5851307
5863575,1,5850352
5862501,1,5850254
5862499,1,5850252
5862498,1,5850251
5862495,1,5850248
5862465,1,5849239
5862377,1,5848168
5863382,1,5847216
5863376,1,5847210
5863374,1,5847208
5863354,1,5847188
5863346,1,5847180
5862301,1,5847111
5862300,1,5847110
5863276,1,5846129
5862266,1,5846095
5862245,1,5846074
5862212,1,5845062
5860020,1,5844876
5863181,1,5844075
5863119,1,5843033
5863115,1,5843029
5862070,1,5842960
5862057,1,5842947
5863032,1,5841964
5863031,1,5841963
5862983,1,5840930
5862965,1,5840912
5862963,1,5840910
5862962,1,5840909
5861957,1,5840880
5861956,1,5840879
5863934,1,5839925
5863915,1,5839906
5861890,1,5839833
5861877,1,5839820
5863873,1,5838880
5862868,1,5838851
5862849,1,5838832
5861816,1,5838775
5863822,1,5837851
5863786,1,5837815
5862754,1,5837759
5831196,1,5819234
5830160,1,5819137
5830143,1,5819120
5831121,1,5818175
5831052,1,5817123
5831025,1,5817096
5830987,1,5816074
5840031,1,5809272
5861579,1,5852271
5860551,1,5852254
5866822,1,5851580
5866821,1,5851579
5864669,1,5851450
5861536,1,5851251
5861521,1,5851236
5860465,1,5851191
5860457,1,5851183
5860431,1,5851157
5860428,1,5851154
5859400,1,5851128
5859393,1,5851121
5861469,1,5850207
5861468,1,5850206
5859327,1,5850075
5859326,1,5850074
5859325,1,5850073
5859307,1,5850055
5859306,1,5850054
5861390,1,5849152
5860346,1,5849116
5860342,1,5849113
5860341,1,5849112
5860337,1,5849108
5860323,1,5849094
5860297,1,5849068
5859239,1,5849008
5859236,1,5849005
5865525,1,5848387
5865522,1,5848384
5865513,1,5848375
5865498,1,5848360
5865497,1,5848359
5865495,1,5848357
5865493,1,5848355
5865489,1,5848351
5865485,1,5848347
5865483,1,5848345
5865482,1,5848344
5865480,1,5848342
5865474,1,5848336
5861327,1,5848109
5860277,1,5848067
5860264,1,5848054
5859182,1,5847968
5866549,1,5847386
5866518,1,5847355
5861274,1,5847078
5861273,1,5847077
5860155,1,5846966
5859142,1,5846947
5859141,1,5846946
5859133,1,5846938
5859120,1,5846925
5859119,1,5846924
5859116,1,5846921
5859115,1,5846920
5859114,1,5846919
5859111,1,5846916
5859053,1,5845878
5859038,1,5845863
5865291,1,5845213
5865290,1,5845212
5861134,1,5844983
5859013,1,5844857
5864191,1,5844109
5859964,1,5843843
5859962,1,5843841
5858950,1,5843813
5858926,1,5843789
5866276,1,5843193
5858896,1,5842778
5858886,1,5842769
5858877,1,5842760
5858868,1,5842751
5858867,7,5842750
5842076,1,5841722
5842074,1,5841720
5842061,1,5841707
5842056,1,5841702
5836433,1,5819538
5835378,1,5819488
5835376,1,5819486
5835364,1,5819474
5836376,1,5818497
5835146,1,5816304
5837191,1,5814370
5837190,1,5814369
5836101,1,5814285
5836069,1,5814253
5836833,1,5809094
5835640,1,5806941
5836606,1,5805918
5835529,1,5804864
5867233,1,5841195
5867231,1,5841193
5866150,1,5841100
5866145,1,5841095
5865062,1,5841057
5860855,1,5840786
5860844,1,5840775
5860824,1,5840755
5859776,1,5840721
5867136,1,5840119
5867135,1,5840118
5864999,1,5840013
5860808,1,5839761
5860795,1,5839748
5860790,1,5839743
5859744,7,5839708
5859726,1,5839691
5859720,1,5839685
5859698,1,5839663
5860695,1,5838666
5860691,1,5838662
5859639,1,5838620
5859638,1,5838619
5859617,1,5838598
5867033,1,5838060
5864832,1,5837884
5859583,1,5837585
5859568,1,5837570
5839079,1,6044943
5833661,1,6044917
5840017,1,6044437
5833468,1,6043918
5860822,1,6042366
5840687,1,6038596
5840620,1,6038042
5845604,1,6037578
5855119,1,6037571
5832499,1,5807786
5832492,1,5807779
5832479,1,5807766
5830467,1,5807686
5830466,1,5807685
5840995,1,5807265
5840965,1,5807235
5839934,1,5807210
5839917,1,5807193
5839909,1,5807185
5839902,1,5807178
5839887,1,5807163
5838880,1,5807161
5838877,1,5807159
5838861,1,5807143
5838851,1,5807133
5856355,1,6038092
5848801,1,6038067
5834261,1,6038054
5833132,1,6038033
5848668,1,6037564
5850005,1,5866067
5850001,1,5866063
5847804,1,5865948
5847803,1,5865947
5847802,1,5865946
5847783,7,5865927
5845678,1,5865781
5844667,1,5865753
5844650,1,5865736
5844642,1,5865728
5843599,1,5865661
5842603,1,5865641
5842602,1,5865640
5842597,1,5865635
5842560,1,5865598
5842555,1,5865593
5842553,1,5865591
5842551,1,5865589
5858351,1,5865563
5858328,1,5865540
5858327,1,5865539
5858316,1,5865528
5858315,1,5865527
5858313,1,5865525
5858311,1,5865523
5857318,1,5865506
5857293,1,5865481
5857292,1,5865480
5856279,1,5865443
5856261,1,5865425
5856257,1,5865421
5855239,1,5865379
5855237,1,5865377
5855233,1,5865373
5854214,5,5865329
5854214,6,6060839
5854194,1,5865310
5854190,1,5865306
5854186,1,5865302
5854169,1,5865285
5854168,1,5865284
5853146,1,5865238
5853136,1,5865228
5853125,1,5865217
5853117,1,5865209
5853116,1,5865208
5848750,1,5864943
5847756,1,5864931
5847741,1,5864916
5847723,1,5864898
5845652,1,5864786
5845651,1,5864785
5845650,1,5864784
5845640,1,5864774
5845639,1,5864773
5845622,1,5864756
5845621,1,5864755
5844622,1,5864738
5858653,1,5854230
5858652,1,5854229
5857656,3,5854208
5857655,1,5854207
5857651,1,5854204
5857634,1,5854187
5857629,1,5854182
5856619,1,5854147
5856618,1,5854146
5856610,7,5854139
5856587,1,5854116
5856575,1,5854104
5856572,1,5854101
5856560,1,5854089
5855566,1,5854071
5855560,1,5854065
5855557,1,5854062
5855546,1,5854051
5855539,1,5854044
5855534,1,5854039
5855524,1,5854029
5854524,1,5854005
5854523,1,5854004
5854522,1,5854003
5854521,1,5854002
5854503,1,5853984
5853483,1,5853940
5853453,1,5853910
5853449,1,5853906
5850299,1,5853751
5850257,5,5853709
5849212,1,5853684
5849194,1,5853666
5849166,1,5853638
5849155,1,5853627
5865841,1,5853602
5864809,1,5853550
5861684,1,5853355
5861675,1,5853346
5861674,1,5853345
5861670,1,5853341
5861669,1,5853340
5861667,1,5853338
5860607,1,5853291
5860602,1,5853286
5860591,1,5853275
5860589,1,5853273
5860583,1,5853267
5860581,1,5853265
5860574,1,5853258
5860571,1,5853255
5860567,1,5853251
5860557,1,5853241
5859533,1,5853223
5859529,1,5853219
5859513,1,5853203
5859508,1,5853198
5859497,1,5853187
5865471,1,5847352
5865423,1,5847305
5865422,1,5847304
5864406,1,5847264
5861272,1,5847076
5861259,1,5847063
5860189,1,5847000
5860188,1,5846999
5860184,1,5846995
5860179,1,5846990
5860177,1,5846988
5830667,1,5810834
5837963,1,5810200
5836893,1,5810138
5834799,1,5810050
5834798,1,5810049
5836857,1,5809118
5836804,1,5809065
5835786,1,5809052
5835739,1,5809005
5831491,1,5808753
5831488,1,5808750
5836769,1,5808048
5835702,1,5807986
5833567,1,5807851
5832473,1,5807760
5831476,1,5807755
5835626,1,5806927
5835601,1,5806902
5840940,1,5806226
5837696,1,5806000
5836658,1,5805970
5836657,1,5805969
5836655,1,5805967
5836635,1,5805947
5835586,1,5805903
5835550,1,5805867
5832385,1,5805702
5832384,1,5805701
5841902,1,5805205
5838713,1,5805030
5835519,1,5804855
5832282,1,5804615
5835409,1,5803763
5834350,1,5803706
5832256,1,5803606
5861557,1,6044453
5838850,1,5807132
5838848,1,5807130
5838837,1,5807119
5838836,1,5807118
5838826,1,5807108
5838819,1,5807101
5838815,1,5807097
5837802,1,5807090
5837801,1,5807089
5837782,1,5807070
5837781,1,5807069
5837780,1,5807068
5837778,1,5807066
5837771,1,5807059
5837748,1,5807036
5834597,1,5806899
5834589,1,5806892
5834581,1,5806884
5834580,1,5806883
5833531,1,5806830
5833530,1,5806829
5833519,1,5806818
5833518,1,5806817
5833505,1,5806804
5833501,1,5806800
5833492,1,5806791
5833491,1,5806790
5833481,1,5806780
5833480,1,5806779
5832458,1,5806759
5832453,1,5806754
5832440,1,5806741
5832439,1,5806740
5832436,1,5806737
5832411,1,5806712
5831400,1,5806696
5830345,1,5806580
5842007,1,5806292
5841974,1,5806259
5841966,1,5806251
5840956,1,5806241
5842218,1,6037038
5841290,1,6036989
5852714,1,6036546
5845212,1,6036539
5848276,1,6036526
5843063,1,6036521
5844573,1,5864689
5844563,1,5864679
5843585,1,5864676
5843563,1,5864655
5842530,1,5864598
5842519,1,5864587
5842507,1,5864575
5842506,1,5864574
5842503,1,5864571
5842491,1,5864559
5858305,1,5864546
5858301,1,5864543
5858292,1,5864534
5858288,1,5864530
5858287,1,5864529
5857260,1,5864478
5857250,1,5864468
5857240,1,5864458
5857225,1,5864443
5857218,1,5864436
5855180,1,5864350
5855174,1,5864344
5855145,7,5864315
5855140,1,5864310
5854132,1,5864278
5854124,1,5864270
5853076,1,5864198
5853075,1,5864197
5853058,1,5864180
5848692,1,5863918
5847690,1,5863894
5847689,1,5863893
5847684,1,5863888
5847683,1,5863887
5847682,1,5863886
5847675,1,5863879
5847674,1,5863878
5847642,1,5863846
5847641,1,5863845
5847640,1,5863844
5847637,1,5863841
5847636,1,5863840
5847632,1,5863836
5845607,1,5863770
5845598,1,5863762
5845596,1,5863760
5845589,1,5863753
5845588,1,5863752
5845583,1,5863747
5845577,1,5863741
5845571,1,5863735
5845555,1,5863719
5844554,1,5863699
5844550,1,5863695
5844515,1,5863660
5842466,1,5863563
5842462,1,5863559
5842426,1,5863523
5858206,1,5863477
5859496,1,5853186
5859495,1,5853185
5866847,1,5852586
5865788,1,5852568
5864725,1,5852485
5864710,1,5852470
5864701,1,5852461
5864699,1,5852459
5864692,1,5852452
5861631,1,5852322
5861628,1,5852319
5861625,1,5852317
5861623,1,5852315
5861622,1,5852314
5861615,1,5852307
5861604,1,5852296
5861599,1,5852291
5861591,1,5852283
5861590,1,5852282
5861581,1,5852273
5861571,1,5852263
5861565,1,5852257
5860539,1,5852243
5860538,1,5852242
5860537,1,5852241
5860503,1,5852207
5860493,1,5852197
5859475,1,5852183
5866786,1,5851544
5865733,1,5851531
5865676,1,5851475
5864681,1,5851462
5864646,1,5851427
5864634,1,5851415
5861554,1,5851269
5861539,1,5851254
5861537,1,5851252
5861530,1,5851245
5861519,1,5851234
5861518,1,5851233
5861501,1,5851216
5861497,1,5851212
5860487,1,5851211
5860484,1,5851209
5860482,1,5851207
5860473,1,5851199
5860471,1,5851197
5860461,1,5851187
5860460,1,5851186
5860458,1,5851184
5860449,1,5851175
5860427,1,5851153
5860426,1,5851152
5860421,1,5851147
5859416,1,5851143
5859409,1,5851137
5852732,1,5859012
5852727,1,5859007
5852726,1,5859006
5852725,1,5859005
5852721,1,5859001
5851717,1,5858996
5851694,1,5858974
5851691,1,5858971
5851689,1,5858969
5851688,1,5858968
5851681,1,5858961
5849505,1,5858809
5848402,1,5858793
5848373,1,5858764
5848360,1,5858751
5847354,1,5858721
5847353,1,5858720
5847349,1,5858716
5847340,1,5858707
5846328,1,5858672
5846322,1,5858667
5846307,1,5858652
5846302,1,5858647
5846291,1,5858636
5846286,1,5858631
5846285,1,5858630
5846284,1,5858629
5846275,1,5858620
5845277,1,5858607
5845252,1,5858583
5845247,1,5858578
5845228,1,5858559
5844222,1,5858529
5843174,1,5858457
5843173,1,5858456
5843172,1,5858455
5843169,1,5858452
5842139,1,5858399
5842138,1,5858398
5857917,1,5858348
5856867,1,5858275
5856861,1,5858269
5856854,1,5858262
5856843,1,5858251
5856819,1,5858227
5855824,1,5858208
5855820,1,5858204
5855819,1,5858203
5855799,1,5858183
5855789,7,5858173
5854797,1,5858156
5854796,1,5858155
5854795,1,5858154
5854793,1,5858153
5854773,1,5858133
5854744,1,5858104
5853718,1,5858054
5852676,1,5857988
5851652,1,5857964
5851648,1,5857961
5851647,1,5857960
5867559,1,5846411
5864318,1,5846195
5860117,1,5845950
5860107,1,5845940
5860087,1,5845920
5867512,1,5845388
5867508,1,5845384
5867499,1,5845375
5867495,1,5845371
5867486,1,5845362
5867485,1,5845361
5867483,1,5845359
5867482,1,5845358
5867469,1,5845345
5867468,1,5845344
5867467,1,5845343
5864273,1,5845171
5864261,1,5845159
5861104,1,5844953
5860077,1,5844933
5860076,1,5844932
5860065,1,5844921
5860059,1,5844915
5860058,1,5844914
5860056,1,5844912
5860050,1,5844906
5860036,1,5844892
5867399,1,5844299
5866356,1,5844253
5865269,1,5844211
5865261,1,5844203
5865236,1,5844178
5864209,1,5844127
5860014,1,5843892
5859997,1,5843876
5859993,1,5843872
5859992,1,5843871
5859991,1,5843870
5851646,1,5857959
5848334,1,5857755
5848316,1,5857737
5848307,1,5857728
5848306,1,5857727
5848305,1,5857726
5847260,1,5857657
5847242,1,5857639
5846251,1,5857627
5846250,1,5857626
5846226,1,5857602
5846214,1,5857590
5845191,1,5857553
5845188,1,5857550
5845187,1,5857549
5844162,1,5857500
5844161,1,5857499
5844160,1,5857498
5844159,1,5857497
5844143,1,5857481
5844142,1,5857480
5844125,1,5857463
5843072,1,5857386
5857815,1,5857276
5857798,1,5857259
5856755,1,5857192
5855762,1,5857175
5855761,1,5857174
5855760,1,5857173
5855742,1,5857155
5855734,1,5857147
5854725,7,5857114
5854696,1,5857085
5854676,7,5857065
5853679,1,5857044
5853678,1,5857043
5853665,1,5857030
5853662,1,5857027
5853635,1,5857000
5852629,1,5856970
5852623,1,5856964
5852614,3,5856955
5852604,1,5856945
5849396,1,5856765
5849382,1,5856751
5848278,1,5856727
5848277,1,5856726
5848270,1,5856720
5848265,1,5856715
5848241,1,5856691
5848240,1,5856690
5848239,1,5856689
5848219,1,5856669
5853668,7,5857033
5853664,1,5857029
5853637,1,5857002
5852652,1,5856992
5852651,1,5856991
5852647,1,5856988
5852622,1,5856963
5852605,1,5856946
5852598,1,5856939
5852595,1,5856936
5850468,1,5856820
5849429,1,5856797
5849428,1,5856796
5849404,1,5856773
5849400,1,5856769
5848279,1,5856728
5848268,1,5856718
5848259,1,5856709
5848258,1,5856708
5848248,1,5856698
5848246,1,5856696
5848237,1,5856687
5848227,1,5856677
5848226,1,5856676
5848222,3,5856672
5848218,1,5856668
5847232,1,5856658
5847221,1,5856647
5847205,1,5856631
5847204,1,5856630
5847199,1,5856625
5847195,1,5856621
5847194,1,5856620
5847189,1,5856615
5847188,1,5856614
5847182,1,5856608
5847181,1,5856607
5846190,1,5856596
5846189,1,5856595
5846187,1,5856593
5846180,1,5856586
5846170,1,5856576
5846149,1,5856555
5846147,1,5856553
5846146,1,5856552
5846142,1,5856548
5846136,1,5856542
5845138,1,5856529
5845134,1,5856525
5845116,1,5856507
5845115,1,5856506
5845114,1,5856505
5845109,1,5856500
5845095,1,5856486
5845094,1,5856485
5844074,7,5856441
5844055,1,5856422
5843034,1,5856377
5843016,1,5856359
5858832,1,5856343
5858815,1,5856327
5858807,1,5856319
5858800,1,5856312
5858786,1,5856298
5858782,1,5856294
5857771,1,5856264
5857765,1,5856258
5857760,1,5856253
5857759,1,5856252
5857752,1,5856245
5857735,1,5856228
5857733,1,5856226
5856726,7,5856195
5856712,1,5856181
5856690,1,5856159
5855662,1,5856107
5855661,1,5856106
5855646,1,5856091
5854663,1,5856084
5854662,1,5856083
5854655,1,5856076
5854638,1,5856059
5854634,1,5856055
5854627,1,5856048
5854620,1,5856041
5854607,1,5856028
5854605,1,5856026
5853618,1,5856015
5853607,1,5856004
5853595,1,5855992
5853583,1,5855980
5853577,1,5855974
5853573,1,5855970
5852577,1,5855950
5852571,1,5855944
5852570,1,5855943
5852563,1,5855936
5852559,1,5855932
5852558,1,5855931
5852557,1,5855930
5852556,1,5855929
5852554,1,5855927
5852547,7,5855920
5852540,7,5855913
5852531,1,5855904
5852526,1,5855899
5850399,1,5855786
5849320,1,5855725
5849312,1,5855717
5849299,1,5855704
5848211,1,5855693
5848210,1,5855692
5848206,1,5855688
5848205,1,5855687
5859403,1,5851131
5859398,1,5851126
5859397,1,5851125
5859388,1,5851116
5866742,1,5850520
5865660,1,5850479
5865646,1,5850465
5865612,1,5850431
5864617,1,5850418
5864582,1,5850383
5861487,1,5850225
5861486,1,5850224
5861485,1,5850223
5861484,1,5850222
5861483,1,5850221
5861482,1,5850220
5861461,1,5850199
5861445,1,5850183
5861437,1,5850175
5860417,1,5850164
5860413,1,5850160
5860410,1,5850158
5860405,1,5850153
5860404,1,5850152
5860382,1,5850130
5860375,1,5850123
5860374,1,5850122
5860369,1,5850117
5860366,1,5850114
5860365,1,5850113
5860364,1,5850112
5860362,1,5850110
5859351,1,5850098
5859335,1,5850083
5859334,1,5850082
5859332,1,5850080
5859316,7,5850064
5859311,1,5850059
5866693,1,5849493
5866691,1,5849491
5866674,1,5849474
5866653,1,5849453
5865598,1,5849439
5865543,1,5849384
5864554,1,5849376
5864552,1,5849374
5859976,1,5843855
5859952,1,5843831
5867361,1,5843284
5867334,1,5843257
5865180,1,5843142
5861022,1,5842914
5859933,1,5842836
5859917,1,5842820
5859898,1,5842801
5848032,1,5870047
5845992,1,5869966
5845989,1,5869963
5845954,1,5869928
5842869,1,5869777
5842841,1,5869750
5842823,1,5869732
5858587,1,5869670
5858581,1,5869664
5857578,1,5869637
5857558,1,5869617
5857549,1,5869608
5857537,1,5869596
5857536,1,5869595
5856549,1,5869584
5856536,1,5869571
5856534,1,5869569
5856521,1,5869556
5856502,1,5869537
5855471,1,5869482
5854458,1,5869445
5854410,1,5869397
5853431,1,5869393
5853422,1,5869385
5853414,1,5869377
5853411,1,5869374
5853410,1,5869373
5853402,1,5869365
5853401,1,5869364
5853389,1,5869352
5853388,1,5869351
5847988,1,5869035
5847984,1,5869031
5847983,1,5869030
5845917,1,5868923
5845915,1,5868921
5840943,1,5806229
5840907,1,5806193
5839885,1,5806176
5839884,1,5806175
5839877,1,5806169
5839848,1,5806140
5839847,1,5806139
5839828,1,5806120
5838814,1,5806111
5838800,1,5806098
5838797,1,5806095
5838787,1,5806085
5838782,1,5806080
5838773,1,5806071
5838767,1,5806065
5838766,1,5806064
5837734,1,5806038
5837692,7,5805996
5837688,1,5805992
5837686,1,5805990
5837685,1,5805989
5837683,1,5805987
5837682,1,5805986
5837678,1,5805982
5837677,1,5805981
5834501,1,5805822
5834498,1,5805819
5834492,1,5805813
5834468,1,5805789
5834467,1,5805788
5833466,1,5805782
5833423,1,5805740
5833422,1,5805739
5833419,1,5805736
5833418,1,5805735
5833417,1,5805734
5833416,1,5805733
5833415,1,5805732
5832400,1,5805717
5832394,1,5805711
5832387,1,5805704
5832350,1,5805667
5832347,1,5805664
5830304,1,5805557
5857196,1,5863443
5857195,1,5863442
5857193,1,5863440
5857167,1,5863414
5857166,1,5863413
5857144,1,5863391
5856145,1,5863368
5855064,1,5863263
5854044,1,5863219
5853032,1,5863183
5853030,1,5863181
5853020,1,5863171
5853019,1,5863170
5853003,1,5863154
5851925,1,5863071
5848672,1,5862930
5848660,1,5862919
5847631,1,5862865
5847611,1,5862846
5847610,1,5862845
5847576,1,5862811
5845540,1,5862735
5845537,1,5862733
5845532,1,5862728
5845509,1,5862705
5845498,1,5862694
5844437,1,5862613
5844436,1,5862612
5843437,1,5862589
5842381,1,5862509
5858140,1,5862442
5858136,1,5862438
5858119,1,5862421
5857126,1,5862404
5857104,1,5862382
5857102,1,5862380
5857101,1,5862379
5857081,1,5862359
5856084,1,5862338
5855042,1,5862272
5855014,1,5862244
5855011,1,5862241
5854018,1,5862223
5853995,1,5862201
5853994,1,5862200
5852967,1,5862149
5852940,1,5862122
5851916,1,5862094
5851912,1,5862091
5851896,1,5862075
5851895,1,5862074
5851894,1,5862073
5851892,1,5862071
5851887,1,5862066
5851886,1,5862065
5851881,1,5862060
5851861,1,5862040
5864537,1,5849359
5864522,1,5849344
5864514,1,5849336
5864507,1,5849329
5864506,1,5849328
5864505,1,5849327
5861426,1,5849187
5861417,1,5849179
5861416,1,5849178
5861394,1,5849156
5861391,1,5849153
5861374,1,5849136
5861373,1,5849135
5861365,1,5849127
5860340,1,5849111
5860338,1,5849109
5860331,1,5849102
5860330,1,5849101
5860301,1,5849072
5860300,1,5849071
5860290,1,5849061
5859283,1,5849052
5859271,1,5849040
5859252,1,5849021
5859243,1,5849012
5866635,1,5848455
5865536,1,5848397
5865533,1,5848394
5865524,7,5848386
5865516,1,5848378
5865512,1,5848374
5865501,1,5848363
5865500,1,5848362
5865496,1,5848358
5864477,1,5848316
5864472,1,5848311
5864446,1,5848285
5861356,1,5848137
5861355,1,5848136
5861349,1,5848131
5861347,1,5848129
5861345,1,5848127
5861337,1,5848119
5861336,1,5848118
5859873,1,5841798
5859871,1,5841796
5859868,1,5841794
5859865,1,5841791
5859851,1,5841777
5859832,1,5841758
5859826,1,5841752
5865073,1,5841068
5865047,1,5841042
5852389,1,6038675
5851316,1,6038674
5845929,1,6038668
5846913,1,6038652
5852252,1,6038106
5852116,1,6038071
5835190,1,6038016
5846653,1,6037579
5851977,1,6037567
5850914,1,6037566
5850848,1,6037550
5849700,1,6037062
5835999,1,6037002
5841952,1,5805255
5841951,1,5805254
5841940,1,5805243
5841910,1,5805213
5840887,1,5805192
5840880,1,5805185
5840859,1,5805164
5840851,1,5805156
5840849,1,5805154
5840838,1,5805143
5839799,1,5805110
5839765,1,5805076
5838734,1,5805051
5838733,1,5805050
5838725,1,5805042
5838723,1,5805040
5838716,1,5805033
5838704,1,5805021
5838695,1,5805012
5838694,1,5805011
5838688,1,5805005
5838682,1,5804999
5837661,1,5804984
5837656,1,5804979
5837653,1,5804976
5837646,1,5804969
5837644,1,5804967
5837643,1,5804966
5837640,1,5804963
5837639,1,5804962
5837631,1,5804954
5837630,1,5804953
5837629,1,5804952
5837628,1,5804951
5837627,1,5804950
5837625,1,5804948
5837622,1,5804945
5837614,1,5804937
5837613,1,5804936
5835490,1,5804826
5834463,1,5804801
5834438,1,5804777
5834435,1,5804774
5834433,1,5804772
5834407,1,5804746
5851858,1,5862037
5848597,1,5861890
5848589,1,5861882
5848586,1,5861879
5848585,1,5861878
5848584,1,5861877
5848581,1,5861874
5848570,1,5861863
5848559,1,5861852
5847545,1,5861814
5847527,1,5861796
5847525,1,5861794
5847509,1,5861778
5846497,1,5861741
5846493,1,5861737
5846491,1,5861735
5846484,1,5861728
5845473,1,5861702
5845451,1,5861681
5845450,1,5861680
5845443,1,5861673
5845442,1,5861672
5845441,1,5861671
5845440,1,5861670
5845437,1,5861667
5845435,1,5861665
5844406,1,5861615
5844405,1,5861614
5844404,1,5861613
5843384,1,5861569
5842334,1,5861495
5842333,1,5861494
5842324,1,5861485
5858073,1,5861408
5858056,1,5861391
5857052,1,5861363
5857051,1,5861362
5857050,1,5861361
5857040,1,5861351
5857025,1,5861336
5857019,1,5861330
5856023,7,5861310
5856009,1,5861296
5856008,1,5861295
5856007,1,5861294
5856006,1,5861293
5856005,1,5861292
5854967,1,5861230
5853951,1,5861189
5853950,1,5861188
5853896,1,5861135
5852900,1,5861115
5852873,1,5861088
5851837,1,5861050
5851833,1,5861046
5851830,1,5861043
5851829,1,5861042
5852771,1,5859051
5845913,1,5868919
5845912,1,5868918
5845897,1,5868903
5845874,1,5868880
5844876,1,5868865
5842800,1,5868741
5842795,1,5868736
5842781,1,5868722
5842780,1,5868721
5842743,1,5868684
5858519,7,5868634
5858509,1,5868624
5858507,1,5868622
5857528,1,5868618
5857527,1,5868617
5857473,1,5868564
5857465,1,5868556
5856460,1,5868527
5856437,1,5868504
5856436,1,5868503
5856435,1,5868502
5856430,1,5868497
5855405,1,5868448
5855389,1,5868432
5854408,1,5868426
5854400,1,5868419
5854396,1,5868415
5854377,7,5868396
5853367,1,5868361
5853310,1,5868305
5848985,1,5868071
5848984,1,5868070
5848957,1,5868043
5847901,1,5867981
5845852,1,5867891
5845838,5,5867877
5844799,1,5867821
5844798,1,5867820
5843743,1,5867741
5842742,1,5867715
5842714,1,5867688
5842695,1,5867669
5842688,1,5867662
5842686,1,5867660
5858500,1,5867647
5858484,1,5867632
5858480,7,5867628
5858450,1,5867598
5858445,1,5867593
5858444,1,5867592
5857429,7,5867553
5857420,1,5867544
5856388,1,5867488
5856374,1,5867474
5856365,1,5867465
5855372,1,5867448
5855367,1,5867443
5854336,1,5867388
5848189,1,5855671
5848182,1,5855664
5848181,1,5855663
5848157,1,5855639
5848156,1,5855638
5847159,1,5855617
5847146,1,5855604
5847145,1,5855603
5847116,1,5855574
5846125,1,5855564
5846123,1,5855562
5846122,1,5855561
5846121,1,5855560
5846118,1,5855557
5846117,1,5855556
5846114,1,5855553
5846110,1,5855549
5846109,1,5855548
5846095,1,5855534
5846094,1,5855533
5846091,1,5855530
5846090,1,5855529
5846081,1,5855520
5846075,1,5855514
5846069,1,5855508
5846068,1,5855507
5845066,1,5855489
5845061,1,5855484
5845050,3,5855473
5845036,1,5855459
5845034,1,5855457
5845031,1,5855454
5845024,1,5855447
5844006,1,5855405
5843982,1,5855381
5842980,1,5855355
5858769,1,5855312
5858760,1,5855304
5857693,1,5855214
5857684,1,5855205
5856683,1,5855179
5856674,1,5855171
5855641,7,5855113
5855627,1,5855100
5855612,1,5855085
5855602,1,5855075
5854592,1,5855041
5854591,1,5855040
5854575,1,5855024
5854565,1,5855014
5854559,1,5855008
5854552,1,5855001
5853555,1,5854980
5853540,1,5854965
5853538,1,5854963
5853528,1,5854953
5854331,1,5867383
5854320,1,5867372
5854304,7,5867356
5854284,1,5867336
5853283,1,5867311
5853261,1,5867289
5853244,1,5867272
5850078,1,5867107
5850073,1,5867102
5850066,3,5867095
5850065,3,5867094
5850062,1,5867091
5850055,1,5867084
5850053,1,5867082
5850047,1,5867076
5850043,1,5867072
5847886,1,5866998
5847885,1,5866997
5847884,1,5866996
5847881,1,5866993
5847872,1,5866984
5847853,1,5866965
5847831,1,5866943
5845802,1,5866872
5845798,1,5866869
5845794,1,5866865
5845780,1,5866851
5845762,1,5866833
5845755,1,5866826
5844741,1,5866795
5844739,1,5866793
5844728,1,5866782
5843686,1,5866716
5843670,1,5866700
5843660,1,5866690
5842676,1,5866681
5858435,1,5866614
5857384,1,5866540
5857379,1,5866535
5856358,1,5866489
5855312,1,5866420
5855307,1,5866415
5854254,1,5866338
5854238,1,5866322
5853230,1,5866290
5853216,1,5866276
5850036,1,5866098
5850031,3,5866093
5850030,3,5866092
5850029,3,5866091
5850028,1,5866090
5850027,1,5866089
5850025,1,5866087
5850020,1,5866082
5850014,1,5866076
5850010,1,5866072
5850009,1,5866071
5850007,1,5866069
5853504,1,5854929
5853502,1,5854927
5852518,1,5854919
5852517,1,5854918
5852516,1,5854917
5852515,1,5854916
5852502,1,5854903
5852501,1,5854902
5852495,1,5854896
5852489,1,5854890
5852484,7,5854885
5852480,7,5854881
5852478,1,5854879
5852475,1,5854876
5852466,1,5854867
5850310,1,5854729
5849278,1,5854716
5849241,1,5854679
5849236,1,5854674
5848149,1,5854659
5848131,1,5854642
5848128,1,5854639
5848114,7,5854625
5848101,1,5854612
5846064,1,5854532
5846061,1,5854530
5846060,1,5854529
5846047,1,5854516
5846043,1,5854512
5846042,1,5854511
5846031,1,5854500
5846020,1,5854489
5846017,1,5854486
5846016,1,5854485
5846014,1,5854483
5846013,1,5854482
5846012,1,5854481
5846011,1,5854480
5846010,1,5854479
5846007,1,5854476
5846006,1,5854475
5846000,1,5854469
5845016,1,5854467
5845011,1,5854463
5844987,1,5854439
5844974,1,5854426
5844971,1,5854423
5844970,1,5854422
5844969,1,5854421
5843974,1,5854401
5843953,1,5854381
5843943,1,5854371
5843928,1,5854356
5843920,1,5854348
5842927,1,5854331
5842884,1,5854288
5842877,1,5854281
5858670,1,5854247
5858667,1,5854244
5858661,1,5854238
5861332,1,5848114
5861331,1,5848113
5861315,1,5848097
5861314,1,5848096
5861313,1,5848095
5861312,1,5848094
5861310,1,5848092
5861307,1,5848089
5861306,1,5848088
5861305,1,5848087
5861300,1,5848082
5861299,1,5848081
5861297,1,5848079
5861296,1,5848078
5861295,1,5848077
5860276,1,5848066
5860256,1,5848046
5860255,1,5848045
5860253,1,5848043
5860236,1,5848026
5860233,1,5848023
5860231,1,5848021
5859200,7,5847986
5859194,1,5847980
5859190,1,5847976
5866581,1,5847417
5865468,1,5847349
5865464,1,5847346
5865004,1,5840018
5864995,1,5840009
5864990,1,5840004
5864989,1,5840003
5864976,1,5839990
5860812,1,5839765
5860783,1,5839736
5845997,1,6038685
5849084,1,6038671
5845864,1,6038651
5834405,1,5804744
5834404,1,5804743
5834400,1,5804739
5833386,1,5804721
5833380,1,5804715
5833374,1,5804709
5833373,1,5804708
5833370,1,5804705
5833367,1,5804702
5833359,1,5804694
5833340,1,5804675
5832305,1,5804638
5832304,1,5804637
5832292,1,5804625
5832287,1,5804620
5832284,1,5804617
5831271,1,5804602
5831262,1,5804593
5831258,1,5804589
5830260,1,5804530
5830245,1,5804515
5847857,1,5866969
5850024,1,5866086
5830428,1,5807647
5851823,1,5861036
5851818,1,5861031
5851788,1,5861001
5848516,1,5860842
5848515,1,5860841
5848502,1,5860828
5847478,1,5860780
5847462,1,5860764
5847451,1,5860753
5847448,1,5860750
5847447,1,5860749
5847445,1,5860747
5847441,1,5860743
5846446,1,5860724
5846417,1,5860695
5846401,1,5860679
5845404,1,5860668
5845389,1,5860653
5845388,1,5860652
5845372,1,5860636
5845371,1,5860635
5845369,1,5860633
5844355,1,5860597
5844354,1,5860596
5844339,1,5860581
5843309,1,5860527
5843305,1,5860523
5843277,1,5860495
5843275,1,5860493
5842268,1,5860462
5842263,1,5860457
5842247,1,5860441
5858024,1,5860392
5857002,1,5860346
5857001,1,5860345
5856994,1,5860338
5856984,1,5860328
5856979,1,5860323
5856968,1,5860312
5856956,1,5860300
5856950,1,5860294
5855969,1,5860288
5855910,1,5860230
5854904,1,5860200
5854889,1,5860185
5853887,1,5860158
5853874,1,5860146
5853836,1,5860108
5853829,1,5860101
5853827,1,5860099
5853826,1,5860098
5852843,1,5860091
5852834,1,5860082
5852804,1,5860052
5852803,1,5860051
5852802,1,5860050
5852800,7,5860048
5858695,1,6044975
5849220,1,6044965
5864950,1,5838981
5860719,1,5838690
5860708,1,5838679
5860696,1,5838667
5864876,1,5837928
5864875,1,5837927
5861741,1,5837722
5861714,1,5837695
5860667,1,5837661
5860635,1,5837629
5859090,1,6043412
5861153,1,6042925
5867374,1,6042893
5861020,1,6042889
5841214,1,5810433
5841198,1,5810417
5841182,1,5810401
5841175,1,5810394
5841162,1,5810381
5840153,1,5810377
5840144,1,5810369
5840133,1,5810358
5840129,1,5810354
5840125,1,5810350
5840110,1,5810335
5840109,1,5810334
5840108,1,5810333
5839064,1,5810295
5839056,1,5810287
5839048,1,5810279
5839040,1,5810271
5837997,1,5810234
5837971,1,5810208
5837961,1,5810198
5837956,1,5810193
5835856,1,5810107
5834790,1,5810042
5834776,1,5810028
5834757,1,5810009
5834749,1,5810001
5834740,1,5809992
5833727,1,5809977
5833716,1,5809966
5833715,1,5809965
5833698,1,5809948
5833691,1,5809941
5833686,1,5809936
5833684,1,5809934
5833683,1,5809933
5833682,1,5809932
5833676,1,5809926
5833671,1,5809921
5832660,1,5809914
5832624,1,5809879
5832611,1,5809866
5830548,1,5809730
5849593,1,5859862
5849592,1,5859861
5849589,1,5859858
5849584,1,5859853
5849583,1,5859852
5849579,1,5859848
5849578,1,5859847
5849577,1,5859846
5848466,1,5859825
5848461,1,5859820
5848456,1,5859815
5847436,1,5859770
5847428,1,5859763
5847420,1,5859755
5847392,1,5859727
5847391,7,5859726
5847381,1,5859716
5847376,1,5859711
5847375,1,5859710
5846370,1,5859682
5846364,1,5859676
5846356,1,5859668
5846355,1,5859667
5846354,1,5859666
5846352,1,5859664
5846346,1,5859658
5846339,1,5859651
5846331,1,5859643
5844290,1,5859565
5844270,1,5859545
5843257,1,5859508
5843251,1,5859502
5843225,1,5859476
5842221,1,5859447
5842220,1,5859446
5842170,1,5859397
5842162,1,5859389
5857983,1,5859382
5857929,1,5859329
5856934,1,5859310
5856931,1,5859307
5856923,1,5859299
5856898,1,5859274
5855889,1,5859241
5855887,1,5859239
5855882,1,5859234
5855843,1,5859195
5854845,1,5859173
5854837,1,5859165
5854836,1,5859164
5854825,1,5859153
5854824,1,5859152
5854823,1,5859151
5854816,1,5859144
5854814,1,5859142
5853806,1,5859110
5853802,1,5859106
5853772,1,5859076
5853771,1,5859075
5852739,1,5859019
5867306,1,6042404
5867239,1,6042387
5865016,1,6042370
5860815,1,6042365
5841155,1,5809390
5841136,1,5809371
5841113,1,5809348
5841109,1,5809344
5841108,1,5809343
5841107,1,5809342
5841103,1,5809338
5840053,1,5809294
5840051,1,5809292
5840049,1,5809290
5840043,1,5809284
5840028,1,5809269
5840027,1,5809268
5840025,1,5809266
5839015,1,5809261
5839005,1,5809252
5838997,1,5809244
5838992,1,5809239
5838991,1,5809238
5838968,1,5809215
5838967,1,5809214
5837926,1,5809179
5837925,1,5809178
5837900,1,5809153
5837899,1,5809152
5837887,1,5809140
5837882,1,5809135
5837879,1,5809132
5834725,1,5808993
5834723,1,5808991
5834722,1,5808990
5834720,1,5808988
5866969,1,6041371
5851719,1,5858998
5851715,1,5858995
5851714,1,5858994
5851713,1,5858993
5851700,1,5858980
5851687,1,5858967
5851684,1,5858964
5851682,1,5858962
5851679,1,5858959
5851678,1,5858958
5851677,1,5858957
5851674,1,5858954
5851671,1,5858951
5851655,1,5858935
5849558,1,5858862
5849557,1,5858861
5849507,1,5858811
5848401,1,5858792
5848382,1,5858773
5848379,1,5858770
5848364,1,5858755
5848357,1,5858748
5848356,1,5858747
5848353,1,5858744
5848349,1,5858740
5848348,1,5858739
5847351,1,5858718
5847320,1,5858687
5847310,1,5858677
5846329,1,5858673
5846327,1,5858671
5846325,1,5858670
5846324,1,5858669
5846323,1,5858668
5846305,1,5858650
5846292,1,5858637
5846288,1,5858633
5846282,1,5858627
5846279,1,5858624
5846273,1,5858618
5846272,1,5858617
5846270,1,5858615
5846265,1,5858610
5846264,1,5858609
5845262,1,5858593
5845248,1,5858579
5845238,1,5858569
5844200,1,5858507
5843167,1,5858450
5843162,1,5858445
5843147,1,5858430
5843134,1,5858417
5842104,1,5858364
5857909,1,5858341
5857894,1,5858326
5833845,1,5812061
5833838,3,5812054
5833831,1,5812047
5833825,1,5812041
5833817,1,5812033
5832764,1,5811986
5831730,1,5811941
5831718,1,5811929
5831717,1,5811928
5831715,1,5811926
5831697,1,5811908
5831694,1,5811905
5841234,1,5811438
5840216,1,5811426
5840191,1,5811401
5840180,1,5811390
5840179,1,5811389
5840171,1,5811381
5840170,1,5811380
5839125,1,5811341
5839114,1,5811330
5839113,1,5811329
5839112,1,5811328
5839109,1,5811325
5839108,1,5811324
5834709,1,5808977
5834682,1,5808950
5834672,1,5808940
5834668,1,5808936
5833666,1,5808931
5833665,1,5808930
5833658,1,5808924
5833656,1,5808922
5833640,1,5808906
5833638,1,5808904
5833637,1,5808903
5833625,1,5808891
5833618,1,5808884
5832581,1,5808852
5832555,1,5808826
5830505,1,5808706
5830498,1,5808699
5830488,1,5808689
5841074,1,5808327
5841064,1,5808317
5841060,1,5808313
5841059,1,5808312
5839107,1,5811323
5838043,1,5811265
5838037,1,5811259
5838026,1,5811248
5838025,1,5811247
5838012,1,5811234
5836972,1,5811203
5834855,1,5811092
5834842,1,5811079
5834841,1,5811078
5834825,1,5811062
5834813,1,5811050
5834812,1,5811049
5834811,1,5811048
5834809,1,5811046
5834800,1,5811037
5833800,1,5811033
5833791,1,5811025
5833773,1,5811007
5833769,1,5811003
5833768,1,5811002
5833761,1,5810995
5833760,1,5810994
5833756,1,5810990
5833744,1,5810978
5832722,1,5810961
5832710,1,5810949
5832709,1,5810948
5831670,1,5810897
5831658,1,5810885
5853917,1,5861156
5853913,7,5861152
5853909,7,5861148
5853901,1,5861140
5853898,1,5861137
5852911,1,5861125
5852899,1,5861114
5852890,1,5861105
5852879,1,5861094
5852860,1,5861075
5851850,1,5861062
5851848,1,5861060
5851846,1,5861059
5851845,1,5861058
5851839,1,5861052
5851838,1,5861051
5851835,1,5861048
5849668,1,5860900
5849657,1,5860889
5849653,1,5860885
5848535,1,5860861
5848517,1,5860843
5848499,1,5860825
5848494,1,5860820
5848489,1,5860815
5848488,1,5860814
5848480,1,5860806
5848479,1,5860805
5847488,1,5860790
5847487,1,5860789
5847457,1,5860759
5847450,1,5860752
5847449,1,5860751
5846450,1,5860728
5846443,1,5860721
5846442,1,5860720
5846441,1,5860719
5846438,1,5860716
5846437,1,5860715
5846436,1,5860714
5846433,1,5860711
5846432,1,5860710
5846424,1,5860702
5846423,3,5860701
5846418,1,5860696
5846415,1,5860693
5846414,1,5860692
5846413,1,5860691
5846412,1,5860690
5846406,1,5860684
5846405,1,5860683
5846403,1,5860681
5846399,1,5860677
5845396,1,5860660
5845376,1,5860640
5844342,1,5860584
5844341,4,5860583
5844304,1,5860546
5840015,1,5808274
5840012,1,5808271
5840011,1,5808270
5840009,1,5808268
5840007,1,5808266
5840005,1,5808264
5839999,1,5808258
5839978,1,5808237
5838948,1,5808212
5838941,1,5808206
5838940,1,5808205
5838930,1,5808195
5838921,1,5808186
5838920,1,5808185
5838918,1,5808183
5838917,8,5808182
5838916,1,5808181
5838908,1,5808173
5838895,1,5808160
5837876,1,5808146
5837868,1,5808139
5837863,1,5808134
5837862,1,5808133
5837849,1,5808120
5837843,1,5808114
5837835,1,5808106
5837833,1,5808104
5837826,1,5808097
5837818,1,5808089
5837813,1,5808084
5834658,1,5807944
5834657,1,5807943
5834650,1,5807936
5834640,1,5807926
5834618,1,5807904
5834617,1,5807903
5834613,1,5807899
5834605,1,5807891
5834604,1,5807890
5833597,1,5807880
5833596,1,5807879
5833592,1,5807876
5833589,1,5807873
5833588,1,5807872
5833579,1,5807863
5833578,1,5807862
5833575,1,5807859
5833565,1,5807849
5833564,1,5807848
5833563,1,5807847
5833558,1,5807842
5833551,1,5807835
5833550,1,5807834
5833538,1,5807822
5832518,1,5807805
5832515,1,5807802
5836528,1,5803876
5843281,1,5860499
5842252,1,5860446
5842248,1,5860442
5842237,1,5860431
5858046,1,5860413
5858022,1,5860390
5858007,1,5860375
5858006,1,5860374
5857991,1,5860359
5857988,1,5860356
5856996,1,5860340
5856995,1,5860339
5856992,1,5860336
5856990,1,5860334
5856976,1,5860320
5856974,1,5860318
5856969,1,5860313
5856959,1,5860303
5856952,1,5860296
5856947,1,5860291
5856946,1,5860290
5855947,1,5860267
5855938,1,5860258
5855905,1,5860225
5854927,7,5860222
5854920,1,5860216
5854901,1,5860197
5854893,1,5860189
5854890,1,5860186
5854881,7,5860177
5853889,1,5860160
5853888,1,5860159
5853879,1,5860151
5853866,1,5860138
5853855,1,5860127
5853854,1,5860126
5853832,1,5860104
5853831,1,5860103
5852842,1,5860090
5852840,1,5860088
5852838,1,5860086
5852831,1,5860079
5852830,1,5860078
5852827,1,5860075
5852824,1,5860072
5852823,1,5860071
5852809,1,5860057
5852808,1,5860056
5852799,1,5860047
5852798,1,5860046
5851779,1,5860026
5851768,1,5860015
5851766,1,5860013
5851760,1,5860007
5851750,1,5859997
5851523,1,5856867
5849417,1,5856786
5849414,1,5856783
5849402,1,5856771
5849399,1,5856768
5849398,1,5856767
5849377,1,5856746
5847206,1,5856632
5847196,1,5856622
5847187,1,5856613
5857734,1,5856227
5855695,1,5856140
5855684,1,5856129
5854669,1,5856089
5853586,1,5855983
5852572,1,5855945
5852560,1,5855933
5851517,1,5855895
5851512,1,5855890
5851499,1,5855877
5851497,1,5855875
5851495,1,5855873
5851494,1,5855872
5851473,1,5855851
5851468,1,5855846
5851463,1,5855841
5850442,1,5855828
5850441,1,5855827
5850440,1,5855826
5850415,1,5855802
5849332,1,5855737
5849328,1,5855733
5849301,1,5855706
5849300,1,5855705
5849298,1,5855703
5849294,1,5855699
5848188,1,5855670
5848168,1,5855650
5847142,1,5855600
5846120,1,5855559
5845042,1,5855465
5845022,1,5855445
5858757,1,5855301
5858756,1,5855300
5858755,1,5855299
5858754,1,5855298
5858753,1,5855297
5858752,1,5855296
5858751,1,5855295
5858750,1,5855294
5858748,1,5855292
5858746,1,5855290
5858745,1,5855289
5858744,1,5855288
5858743,1,5855287
5858741,1,5855285
5858736,1,5855280
5858735,1,5855279
5858731,1,5855275
5858729,1,5855273
5858726,1,5855270
5858724,1,5855268
5858723,1,5855267
5858722,1,5855266
5858721,1,5855265
5858720,1,5855264
5858719,1,5855263
5858717,1,5855261
5858716,1,5855260
5858713,1,5855257
5858712,1,5855256
5858708,1,5855252
5858706,1,5855250
5858705,1,5855249
5858702,1,5855246
5857720,1,5855240
5857692,1,5855213
5856662,1,5855159
5856637,1,5855134
5853529,1,5854954
5853503,1,5854928
5852463,1,5854864
5852461,1,5854862
5851447,1,5854855
5851431,1,5854839
5851430,1,5854838
5851419,1,5854827
5851418,1,5854826
5851416,1,5854824
5838831,1,5807113
5837773,1,5807061
5836712,1,5807008
5836680,1,5806976
5835656,1,5806957
5834566,1,5806869
5839839,1,5806131
5836637,1,5805949
5836627,1,5805939
5836618,1,5805930
5835577,1,5805894
5835576,1,5805893
5833455,1,5805772
5830329,1,5805582
5830733,1,5811884
5835607,1,5806908
5860621,1,6044959
5842086,1,6042397
5856875,1,6036550
5838860,1,5807142
5838855,1,5807137
5838854,1,5807136
5838853,1,5807135
5838852,1,5807134
5838840,1,5807122
5838838,1,5807120
5837798,1,5807086
5837794,1,5807082
5837793,1,5807081
5837784,1,5807072
5833500,1,5806799
5833499,1,5806798
5833494,1,5806793
5833489,1,5806788
5833478,1,5806777
5833477,1,5806776
5833476,1,5806775
5833474,1,5806773
5833470,1,5806769
5831374,1,5806670
5831371,1,5806667
5830356,1,5806591
5830350,1,5806585
5842022,1,5806306
5841996,1,5806281
5841976,1,5806261
5841969,1,5806254
5841967,1,5806252
5840951,1,5806237
5840950,1,5806236
5840923,1,5806209
5840918,1,5806204
5840905,1,5806191
5840900,1,5806186
5840899,1,5806185
5840898,1,5806184
5839869,1,5806161
5839868,1,5806160
5839838,1,5806130
5839821,1,5806113
5838813,1,5806110
5838801,1,5806099
5838786,1,5806084
5838785,1,5806083
5838784,1,5806082
5838769,1,5806067
5838768,1,5806066
5837727,1,5806031
5837690,1,5805994
5834508,1,5805829
5834504,1,5805825
5834499,1,5805820
5834493,1,5805814
5834482,1,5805803
5834466,1,5805787
5833461,1,5805777
5833459,1,5805776
5833450,1,5805767
5833446,1,5805763
5833439,1,5805756
5833428,1,5805745
5833427,1,5805744
5833425,1,5805742
5833424,1,5805741
5833421,1,5805738
5833411,1,5805728
5833410,1,5805727
5833405,1,5805722
5831332,1,5805646
5831319,1,5805633
5831286,1,5805600
5831280,1,5805594
5831279,1,5805593
5830291,1,5805544
5841958,1,5805260
5841957,1,5805259
5841925,1,5805228
5840883,1,5805188
5840864,1,5805169
5840860,1,5805165
5840856,1,5805161
5840834,1,5805139
5840833,1,5805138
5840828,1,5805133
5839817,1,5805127
5839808,1,5805119
5839806,1,5805117
5839798,1,5805109
5850992,1,5865076
5850985,1,5865069
5849934,1,5865029
5849933,1,5865028
5849926,1,5865021
5849918,1,5865013
5849916,1,5865011
5849915,1,5865010
5848793,1,5864986
5848770,1,5864963
5846715,1,5864865
5846708,1,5864858
5846698,1,5864848
5846658,1,5864808
5845673,1,5864806
5845671,1,5864804
5845666,1,5864800
5854123,1,5864269
5853091,7,5864213
5853090,1,5864212
5853089,1,5864211
5852047,1,5864160
5852041,1,5864154
5852039,1,5864152
5852037,1,5864150
5852025,1,5864138
5852021,1,5864134
5852016,1,5864129
5852011,1,5864124
5851995,1,5864108
5851990,1,5864103
5851988,1,5864101
5850982,1,5864097
5850978,1,5864094
5850976,1,5864092
5850959,1,5864075
5850957,1,5864073
5850956,1,5864072
5850948,1,5864064
5850942,1,5864058
5850938,8,5864054
5850935,1,5864051
5850927,1,5864043
5850920,1,5864036
5850918,1,5864034
5849901,1,5864028
5849895,1,5864022
5849885,1,5864012
5849876,1,5864003
5849875,1,5864002
5849871,1,5863998
5849870,1,5863997
5849865,1,5863992
5849864,1,5863991
5849863,1,5863990
5849862,1,5863989
5849861,1,5863988
5849860,1,5863987
5849856,1,5863983
5848736,1,5863961
5848728,1,5863954
5848724,1,5863950
5848712,1,5863938
5848690,1,5863916
5847694,1,5863897
5847650,1,5863854
5846654,1,5863832
5846645,1,5863824
5846643,1,5863822
5846604,1,5863783
5846598,1,5863777
5857191,1,5863438
5851982,1,5863127
5851980,1,5863125
5851971,1,5863117
5851964,1,5863110
5851961,1,5863107
5851957,1,5863103
5851952,1,5863098
5851950,1,5863096
5850916,1,5863063
5850915,1,5863062
5850908,1,5863056
5850906,1,5863054
5850885,1,5863033
5850874,1,5863022
5850872,1,5863020
5850869,1,5863017
5850866,1,5863014
5850865,1,5863013
5850864,1,5863012
5850863,1,5863011
5850860,1,5863008
5850851,1,5862999
5849837,1,5862996
5849817,1,5862977
5849816,1,5862976
5849805,1,5862965
5849804,1,5862964
5849803,1,5862963
5849802,1,5862962
5849801,1,5862961
5849800,1,5862960
5849790,1,5862950
5848662,1,5862921
5848661,8,5862920
5848653,1,5862912
5848647,1,5862906
5848644,1,5862903
5848612,1,5862871
5847607,1,5862842
5846592,1,5862801
5846581,1,5862791
5846568,1,5862778
5846567,1,5862777
5846538,1,5862748
5854007,1,5862213
5850849,1,5862030
5836589,1,5804920
5836584,1,5804915
5836551,1,5804882
5835478,1,5804814
5834427,1,5804766
5835425,8,5803779
5851401,1,5854809
5851389,1,5854797
5850346,1,5854765
5850342,1,5854761
5850341,1,5854760
5850338,1,5854757
5850323,1,5854742
5850321,1,5854740
5849286,1,5854723
5849279,1,5854717
5849272,1,5854710
5849269,1,5854707
5849256,1,5854694
5849255,1,5854693
5849242,1,5854680
5847109,1,5854595
5846028,1,5854497
5844976,1,5854428
5843917,1,5854345
5858698,1,5854274
5858696,1,5854272
5858694,1,5854271
5858692,1,5854269
5858687,1,5854264
5858684,1,5854261
5856574,1,5854103
5856556,1,5854085
5833079,1,5817221
5835279,1,5818404
5837219,1,5815382
5834582,1,5806885
5855564,1,5854069
5855555,1,5854060
5853497,1,5853953
5853443,1,5853900
5852457,1,5853889
5852452,7,5853885
5852451,1,5853884
5852446,1,5853879
5852441,1,5853874
5852439,1,5853872
5852429,1,5853862
5852423,1,5853856
5852422,1,5853855
5852399,1,5853832
5852398,1,5853831
5852395,22,5853828
5851386,1,5853825
5851374,1,5853814
5851371,1,5853811
5851367,1,5853807
5851362,1,5853802
5851346,1,5853786
5851340,1,5853780
5851338,1,5853778
5851326,1,5853766
5850306,1,5853757
5850304,1,5853755
5850302,1,5853753
5850289,1,5853741
5850273,1,5853725
5850263,1,5853715
5850246,1,5853698
5849205,1,5853677
5849181,1,5853653
5849171,1,5853643
5849167,1,5853639
5849165,1,5853637
5864799,1,5853540
5864785,1,5853526
5864780,1,5853521
5864778,1,5853519
5861681,1,5853352
5861677,1,5853348
5861665,1,5853336
5861663,1,5853334
5860609,1,5853293
5864733,1,5852493
5864706,1,5852466
5861614,1,5852306
5861586,1,5852278
5861570,1,5852262
5860533,1,5852237
5860531,1,5852235
5835608,1,5806909
5836516,1,5803865
5850843,1,5862025
5850842,1,5862024
5850826,1,5862008
5850824,1,5862006
5850823,1,5862005
5850822,1,5862004
5850819,1,5862001
5850803,1,5861985
5850800,1,5861982
5850792,1,5861974
5850788,1,5861970
5850787,4,5861969
5850786,1,5861968
5850785,1,5861967
5850784,1,5861966
5849770,1,5861964
5849764,1,5861959
5849762,1,5861957
5849756,1,5861952
5849755,1,5861951
5849754,1,5861950
5849753,1,5861949
5849746,1,5861942
5849714,1,5861910
5849711,1,5861907
5849709,1,5861905
5849704,1,5861900
5842345,1,5861506
5842290,1,5861451
5849138,1,5870152
5849134,1,5870148
5849133,1,5870147
5848086,1,5870100
5848085,1,5870099
5846987,1,5869977
5845977,7,5869951
5845973,1,5869947
5845948,1,5869922
5845942,1,5869916
5845937,1,5869911
5845936,1,5869910
5853390,1,5869353
5852357,1,5869298
5852356,1,5869297
5852355,1,5869296
5852354,1,5869295
5852353,1,5869294
5852352,1,5869293
5851311,1,5869259
5851310,1,5869258
5851306,1,5869254
5851296,1,5869244
5851288,1,5869236
5851280,1,5869228
5851276,1,5869224
5851264,1,5869212
5860367,1,5850115
5836238,1,5816392
5836471,1,5803820
5837490,3,5819589
5839579,1,5818681
5837455,1,5818571
5836382,1,5818503
5836343,1,5818464
5835331,1,5818455
5835327,1,5818452
5830131,1,5818124
5857064,1,5861375
5857054,1,5861365
5857020,1,5861331
5856026,1,5861313
5852882,1,5861097
5852869,1,5861084
5852850,1,5861065
5850781,1,5860997
5850771,1,5860988
5850770,1,5860987
5850769,1,5860986
5850766,1,5860983
5850764,1,5860981
5850752,1,5860969
5850748,1,5860965
5850745,1,5860962
5850743,1,5860960
5850740,1,5860957
5850739,1,5860956
5850734,1,5860951
5850733,1,5860950
5850731,1,5860948
5850724,1,5860941
5850720,1,5860937
5849690,1,5860922
5849687,1,5860919
5849684,1,5860916
5849672,1,5860904
5849662,1,5860894
5849656,1,5860888
5849654,1,5860886
5849640,1,5860872
5843267,1,5860485
5858013,1,5860381
5856954,1,5860298
5854871,1,5860167
5854865,1,5860161
5850715,1,5859966
5850710,1,5859962
5850709,1,5859961
5850708,1,5859960
5850707,1,5859959
5850704,1,5859956
5850700,1,5859952
5850696,1,5859948
5850690,1,5859942
5850689,1,5859941
5850683,1,5859935
5850676,1,5859928
5850672,1,5859924
5850666,1,5859918
5850658,1,5859910
5849634,1,5859901
5849615,1,5859884
5849596,1,5859865
5849574,1,5859843
5849573,1,5859842
5849571,7,5859840
5849567,1,5859836
5848434,1,5859793
5857974,1,5859374
5856910,1,5859286
5854838,1,5859166
5852759,1,5859039
5852738,1,5859018
5850631,1,5858918
5850608,1,5858895
5849548,1,5858852
5849547,1,5858851
5849545,1,5858849
5849541,1,5858845
5849535,1,5858839
5849532,1,5858836
5849527,1,5858831
5849512,1,5858816
5855837,1,5858220
5854742,1,5858102
5851640,1,5857953
5851626,1,5857939
5851623,1,5857936
5851622,1,5857935
5851621,1,5857934
5851617,1,5857930
5851615,1,5857928
5851604,1,5857917
5851595,1,5857908
5850578,1,5857897
5850570,1,5857890
5840543,1,5816671
5836246,1,5816400
5835196,1,5816353
5839410,1,5815558
5839352,1,5815500
5837210,1,5815373
5836159,1,5815327
5832955,1,5815127
5832954,1,5815126
5832941,1,5815113
5832940,1,5815112
5832937,1,5815109
5832936,1,5815108
5832934,1,5815106
5832932,1,5814120
5832930,1,5814118
5832926,1,5814114
5832924,1,5814113
5832875,1,5814064
5832873,1,5814062
5831821,1,5814001
5830847,1,5813965
5840334,1,5813507
5837123,1,5813317
5832860,1,5813064
5832850,1,5813055
5832808,1,5813013
5839164,1,5812361
5835989,1,5812206
5835966,1,5812183
5835951,1,5812168
5832786,1,5812008
5832763,1,5811985
5831731,1,5811942
5835884,1,5811120
5832721,1,5810960
5830622,1,5810789
5839060,1,5810291
5836928,1,5810173
5836908,1,5810153
5835840,1,5810091
5835831,1,5810082
5835818,1,5810069
5840068,1,5809309
5840065,1,5809306
5840041,1,5809282
5838981,1,5809228
5835785,1,5809051
5830512,1,5808713
5830511,1,5808712
5850224,1,5869185
5847993,1,5869040
5846920,1,5868942
5845886,1,5868892
5845878,1,5868884
5845875,1,5868881
5853368,1,5868362
5853331,1,5868326
5853325,1,5868320
5852304,1,5868279
5851244,1,5868226
5851224,5,5868206
5851209,1,5868191
5851208,1,5868190
5851200,1,5868182
5851198,1,5868180
5851187,1,5868169
5848998,1,5868084
5848958,1,5868044
5846874,1,5867929
5846853,1,5867908
5845866,1,5867904
5845865,1,5867903
5845805,1,5867844
5844787,1,5867809
5843757,1,5867755
5842713,1,5867687
5858473,1,5867621
5850548,1,5857868
5850544,1,5857864
5850538,1,5857858
5849496,1,5857832
5849492,1,5857829
5849486,1,5857823
5849476,1,5857813
5849475,1,5857812
5849474,1,5857811
5849472,1,5857809
5849457,1,5857794
5845175,1,5857537
5845165,1,5857527
5845163,1,5857525
5845162,1,5857524
5855722,1,5857135
5853685,1,5857050
5853654,1,5857019
5853639,1,5857004
5852619,1,5856960
5852594,7,5856935
5852593,1,5856934
5851568,1,5856912
5851567,1,5856911
5851564,1,5856908
5851563,1,5856907
5851550,1,5856894
5851529,1,5856873
5858472,1,5867620
5858446,1,5867594
5858441,1,5867589
5858440,1,5867588
5854337,1,5867389
5854315,1,5867367
5851185,1,5867200
5851180,1,5867196
5851139,1,5867155
5851119,1,5867135
5850057,1,5867086
5848947,1,5867067
5848933,1,5867055
5848922,1,5867044
5848920,1,5867042
5847874,1,5866986
5846791,1,5866878
5845803,1,5866873
5845769,1,5866840
5845768,1,5866839
5842622,1,5866628
5856328,1,5866460
5854243,3,5866327
5854234,1,5866318
5853180,1,5866240
5851109,1,5866159
5851100,1,5866150
5851094,1,5866144
5848865,1,5866023
5848852,1,5866010
5848851,1,5866009
5848816,1,5865974
5847826,1,5865969
5846764,1,5865883
5846762,1,5865881
5846733,1,5865852
5845726,1,5865829
5857317,1,5865505
5857316,1,5865504
5852057,1,5865137
5849940,1,5865035
5849923,1,5865018
5846719,1,5864868
5846664,1,5864814
5857221,1,5864439
5854118,1,5864264
5854110,1,5864256
5854095,1,5864241
5854089,1,5864235
5850955,1,5864071
5850953,1,5864069
5850941,1,5864057
5850919,1,5864035
5849900,1,5864027
5849855,1,5863982
5848714,1,5863940
5847696,1,5863899
5847695,1,5863898
5846639,1,5863818
5846595,1,5863774
5843484,1,5863605
5852992,1,5863143
5850889,1,5863037
5850873,1,5863021
5850868,1,5863016
5850861,1,5863009
5849818,1,5862978
5849815,1,5862975
5848667,1,5862926
5848666,1,5862925
5848649,1,5862908
5848646,1,5862905
5848645,1,5862904
5847606,1,5862841
5846583,1,5862793
5846539,1,5862749
5843446,1,5862598
5843445,1,5862597
5842400,1,5862528
5858170,8,5862472
5854001,1,5862207
5854000,1,5862206
5853998,1,5862204
5853997,1,5862203
5852960,1,5862142
5852959,1,5862141
5850846,1,5862028
5850835,1,5862017
5850818,1,5862000
5864884,1,5837936
5841819,1,5819896
5841818,1,5819895
5841798,1,5819875
5841779,1,5819856
5840746,1,5819827
5840743,1,5819824
5840742,1,5819823
5840737,1,5819818
5840731,1,5819812
5840727,1,5819808
5840703,1,5819784
5840702,1,5819783
5839674,1,5819761
5839639,1,5819726
5839629,1,5819716
5839620,1,5819707
5838554,1,5819647
5836438,1,5819543
5836421,1,5819526
5832156,1,5819261
5832155,1,5819260
5831173,1,5819211
5830180,1,5819157
5841727,1,5818818
5841713,1,5818804
5841712,1,5818803
5840677,1,5818773
5840643,1,5818739
5839613,1,5818715
5839603,1,5818705
5839593,1,5818695
5838534,1,5818642
5838533,1,5818641
5838522,1,5818630
5838507,1,5818615
5832109,1,5818229
5831098,1,5818152
5841694,1,5817799
5841689,1,5817795
5841688,1,5817794
5841657,1,5817763
5841645,1,5817751
5841644,1,5817750
5840593,1,5817705
5840592,1,5817704
5840591,1,5817703
5840569,1,5817681
5840565,1,5817677
5839522,1,5817640
5839492,1,5817610
5836289,1,5817427
5832016,1,5817152
5841612,1,5816734
5840530,1,5816658
5840510,1,5816638
5840509,1,5816637
5840501,1,5816629
5839463,1,5816597
5839462,1,5816596
5838380,1,5816520
5836225,1,5816379
5830985,1,5816072
5841552,1,5815688
5841515,1,5815651
5841500,1,5815636
5841499,1,5815635
5840483,1,5815625
5840469,1,5815611
5840468,1,5815610
5840467,1,5815609
5840466,1,5815608
5840458,1,5815600
5840454,1,5815596
5840451,1,5815593
5840437,1,5815579
5838328,1,5815482
5838311,1,5815465
5838299,1,5815453
5836150,1,5815318
5836136,1,5815304
5836135,1,5815303
5840386,1,5814543
5840382,1,5814539
5840381,1,5814538
5840363,1,5814520
5840360,1,5814517
5840357,1,5814514
5840356,1,5814513
5847562,1,5861830
5847555,1,5861824
5847523,1,5861792
5846519,1,5861763
5846466,1,5861710
5845464,1,5861694
5845462,1,5861692
5845449,1,5861679
5845445,1,5861675
5845421,1,5861651
5858108,1,5861443
5857074,1,5861384
5857030,1,5861341
5856032,1,5861318
5856029,1,5861316
5853954,1,5861192
5852892,1,5861107
5852866,1,5861081
5851802,1,5861015
5848492,1,5860818
5847466,1,5860768
5847463,1,5860765
5845395,1,5860659
5845365,1,5860629
5845350,1,5860614
5858017,1,5860385
5856961,1,5860305
5855924,1,5860244
5855923,1,5860243
5853886,1,5860157
5853861,1,5860133
5852791,1,5860039
5851765,1,5860012
5848431,1,5859790
5848413,1,5859772
5848412,1,5859771
5847380,1,5859715
5847379,1,5859714
5847378,1,5859713
5846390,1,5859702
5846365,1,5859677
5846359,1,5859671
5845331,1,5859629
5845330,1,5859628
5845309,1,5859607
5845293,1,5859591
5845292,1,5859590
5845282,1,5859580
5845279,1,5859577
5844272,1,5859547
5842219,1,5859445
5842203,1,5859430
5842188,1,5859415
5857941,1,5859341
5856925,1,5859301
5854854,1,5859182
5854839,1,5859167
5853792,1,5859096
5852783,1,5859062
5852737,1,5859017
5848405,1,5858796
5848399,1,5858790
5848390,1,5858781
5848361,1,5858752
5848350,1,5858741
5847360,1,5858727
5847319,1,5858686
5847317,1,5858684
5846319,1,5858664
5846318,1,5858663
5845278,1,5858608
5845273,1,5858604
5845271,1,5858602
5845233,1,5858564
5845218,1,5858549
5842107,1,5858367
5842095,1,5858355
5857916,7,5858347
5857881,1,5858313
5856879,1,5858286
5856859,1,5858267
5856826,1,5858234
5856824,1,5858232
5855812,1,5858196
5855811,1,5858195
5855803,1,5858187
5854786,1,5858146
5854743,1,5858103
5854739,1,5858099
5852678,1,5857990
5848310,1,5857731
5848297,1,5857718
5848296,1,5857717
5847296,1,5857693
5847295,1,5857692
5847294,1,5857691
5847269,1,5857666
5847247,1,5857644
5847246,1,5857643
5846263,1,5857638
5845198,1,5857560
5856785,1,5857222
5854734,1,5857122
5852646,1,5856987
5848244,1,5856694
5848238,1,5856688
5848236,1,5856686
5848224,1,5856674
5848223,1,5856673
5834837,1,5811074
5834821,1,5811058
5851141,1,5867157
5851140,1,5867156
5851133,1,5867149
5851132,1,5867148
5851123,1,5867139
5848926,1,5867048
5848899,1,5867021
5846832,1,5866919
5846831,1,5866918
5846819,1,5866906
5845785,1,5866856
5845784,1,5866855
5845776,1,5866847
5845773,1,5866844
5858433,1,5866613
5856337,1,5866469
5856329,1,5866461
5855286,1,5866394
5854235,1,5866319
5853214,2,5866274
5852182,1,5866227
5852167,1,5866212
5852166,1,5866211
5852156,1,5866201
5852154,1,5866199
5852148,1,5866193
5852146,1,5866191
5852140,1,5866185
5852134,1,5866179
5851102,1,5866152
5851096,1,5866146
5851095,1,5866145
5851091,1,5866141
5851090,1,5866140
5851079,1,5866129
5851073,1,5866123
5851072,8,5866122
5851071,3,5866121
5851069,1,5866119
5851057,1,5866107
5851054,1,5866104
5848872,1,5866029
5848856,1,5866014
5848845,1,5866003
5848844,1,5866002
5848843,1,5866001
5848842,1,5866000
5848817,1,5865975
5848815,1,5865973
5846770,1,5865889
5846731,1,5865850
5845739,1,5865841
5845736,1,5865838
5845735,1,5865837
5845732,1,5865835
5845719,1,5865822
5845717,1,5865820
5845702,1,5865805
5845688,1,5865791
5845681,1,5865784
5844648,1,5865734
5855225,1,5865365
5855224,1,5865364
5855223,1,5865363
5853156,1,5865248
5852117,1,5865196
5852110,1,5865190
5852109,1,5865189
5852108,1,5865188
5852107,1,5865187
5852101,1,5865181
5852100,1,5865180
5852094,1,5865174
5852090,1,5865170
5852085,1,5865165
5852077,1,5865157
5852076,1,5865156
5852064,1,5865144
5851047,1,5865131
5851040,1,5865124
5851028,1,5865112
5851018,1,5865102
5851017,1,5865101
5851015,1,5865099
5851013,1,5865097
5851011,1,5865095
5851008,1,5865092
5851002,1,5865086
5835575,1,5805892
5835568,1,5805885
5835539,1,5805856
5834515,1,5805836
5834514,1,5805835
5833431,1,5805748
5832363,1,5805680
5832349,1,5805666
5838707,1,5805024
5838685,1,5805002
5837675,1,5804997
5836585,1,5804916
5836568,1,5804899
5836552,1,5804883
5835504,1,5804840
5835491,1,5804827
5831232,1,5804563
5830620,1,5810787
5841199,1,5810418
5840115,1,5810340
5836925,1,5810170
5836903,1,5810148
5836889,1,5810134
5836883,1,5810128
5836875,1,5810120
5835864,1,5810114
5835839,1,5810090
5835830,1,5810081
5835807,1,5810058
5835801,1,5810052
5835800,1,5810051
5834769,1,5810021
5834765,1,5810017
5834735,1,5809987
5833704,1,5809954
5833703,1,5809953
5832635,1,5809890
5832634,1,5809889
5832633,1,5809888
5832605,1,5809860
5841139,1,5809374
5841133,1,5809368
5839011,1,5809258
5839010,1,5809257
5851320,1,5853760
5849187,1,5853659
5865865,1,5853625
5864792,1,5853533
5864784,1,5853525
5864772,1,5853513
5865709,1,5851508
5864628,1,5851409
5860479,1,5851204
5864619,1,5850420
5864546,1,5849368
5864541,1,5849363
5864495,1,5848334
5860273,1,5848063
5865458,1,5847340
5865457,1,5847339
5864336,1,5846213
5867484,1,5845360
5864270,1,5845168
5861152,1,5845001
5860019,1,5844875
5865272,1,5844214
5865252,1,5844194
5865237,1,5844179
5864203,1,5844121
5864197,1,5844115
5866193,1,5842128
5865124,1,5842104
5865115,1,5842095
5865110,1,5842090
5864096,1,5842052
5859854,1,5841780
5865060,1,5841055
5865050,1,5841045
5865046,1,5841041
5864980,1,5839994
5867095,1,5839099
5864860,1,5837912
5864859,1,5837911
5839734,1,5804063
5838667,1,5804002
5837546,1,5803887
5837542,1,5803883
5835457,1,5803810
5835411,1,5803765
5835401,1,5803755
5849145,1,5870159
5849137,1,5870151
5849129,1,5870143
5849089,1,5870103
5848078,1,5870093
5846988,1,5869978
5845964,1,5869938
5845951,1,5869925
5845947,1,5869921
5845941,1,5869915
5844915,1,5869872
5857590,1,5869648
5854433,1,5869420
5852388,1,5869329
5852387,1,5869328
5852377,1,5869318
5852371,1,5869312
5852368,1,5869309
5852361,1,5869302
5852347,22,5869288
5849358,1,6045001
5836862,1,6044921
5845800,1,6038098
5846782,1,6038082
5846718,1,6038065
5832004,1,6037544
5852346,1,5869287
5852343,1,5869284
5852339,1,5869280
5852338,1,5869279
5852337,1,5869278
5852330,1,5869271
5851318,1,5869265
5851315,1,5869263
5851290,1,5869238
5851285,1,5869233
5851275,1,5869223
5851272,1,5869220
5851269,1,5869217
5851267,1,5869215
5851263,1,5869211
5850234,1,5869194
5850232,1,5869192
5850199,1,5869160
5849081,1,5869130
5849078,1,5869127
5849067,7,5869116
5849024,1,5869073
5847985,1,5869032
5847968,1,5869015
5846978,1,5868999
5846963,1,5868985
5846936,1,5868958
5846935,1,5868957
5846932,1,5868954
5846924,1,5868946
5846923,1,5868945
5846922,1,5868944
5846921,1,5868943
5845930,1,5868935
5845903,1,5868909
5845899,1,5868905
5845898,1,5868904
5845883,1,5868889
5845877,1,5868883
5858551,1,5868666
5856439,1,5868506
5855422,1,5868465
5853329,1,5868324
5852310,1,5868285
5852303,1,5868278
5852302,1,5868277
5852297,1,5868272
5852296,1,5868271
5852295,1,5868270
5852290,1,5868265
5852286,1,5868261
5852283,1,5868258
5852282,1,5868257
5852281,1,5868256
5852277,1,5868252
5852276,1,5868251
5852271,1,5868246
5852268,1,5868243
5852266,1,5868241
5852265,1,5868240
5851242,1,5868224
5851238,1,5868220
5851222,1,5868204
5851211,1,5868193
5851210,1,5868192
5851201,1,5868183
5851199,1,5868181
5851192,1,5868174
5851189,1,5868171
5851186,1,5868168
5849002,1,5868088
5849001,1,5868087
5848999,1,5868085
5848971,1,5868057
5848967,1,5868053
5848951,1,5868037
5846896,1,5867951
5846887,1,5867942
5846884,1,5867939
5845867,1,5867905
5845826,1,5867865
5845814,1,5867853
5855344,1,5867420
5854300,1,5867352
5854294,1,5867346
5854293,1,5867345
5853303,1,5867330
5853284,1,5867312
5837915,1,5809168
5836822,1,5809083
5836819,1,5809080
5834715,1,5808983
5834686,1,5808954
5834673,1,5808941
5833641,1,5808907
5832589,1,5808860
5832588,1,5808859
5832573,1,5808844
5832563,1,5808834
5830536,1,5808736
5841078,1,5808331
5841049,1,5808302
5836426,1,5819531
5837248,1,5815411
5837209,1,5815372
5837167,1,5814346
5835880,1,5811116
5835820,1,5810071
5834565,1,5806868
5835514,1,5804850
5835473,1,5804809
5836533,1,5803881
5853277,1,5867305
5853258,1,5867286
5852255,1,5867264
5852250,1,5867260
5852248,1,5867258
5852244,1,5867254
5852235,1,5867245
5852232,1,5867242
5852231,1,5867241
5852227,1,5867237
5852226,1,5867236
5852222,1,5867232
5852220,1,5867230
5852218,1,5867228
5852211,1,5867221
5852210,1,5867220
5852201,1,5867211
5852200,1,5867210
5852197,1,5867207
5852196,1,5867206
5851183,1,5867198
5851174,1,5867190
5851171,1,5867187
5851170,1,5867186
5851167,1,5867183
5851163,1,5867179
5851160,1,5867176
5851148,1,5867164
5851147,1,5867163
5851142,7,5867158
5840167,1,5811377
5840163,1,5811373
5837001,1,5811231
5835932,1,5811167
5835919,1,5811155
5835916,1,5811152
5835904,1,5811140
5835898,1,5811134
5835886,1,5811122
5835885,1,5811121
5834840,1,5811077
5832732,1,5810970
5832723,1,5810962
5832702,1,5810941
5832692,1,5810931
5832666,1,5810905
5831644,1,5810871
5831629,1,5810856
5830664,1,5810831
5830625,1,5810792
5851444,1,5854852
5851442,1,5854850
5851437,1,5854845
5851428,1,5854836
5851423,1,5854831
5851417,1,5854825
5851403,1,5854811
5851398,1,5854806
5851394,1,5854802
5851390,1,5854798
5854532,1,5854013
5852455,1,5853888
5852454,1,5853887
5852443,1,5853876
5852442,1,5853875
5852426,22,5853859
5852425,22,5853858
5852411,22,5853844
5852410,1,5853843
5852409,22,5853842
5852408,1,5853841
5852397,1,5853830
5851361,1,5853801
5851360,1,5853800
5851343,1,5853783
5851336,1,5853776
5851331,1,5853771
5851330,1,5853770
5851321,1,5853761
5830986,1,5816073
5830981,1,5816068
5830814,1,5813932
5840193,1,5811403
5830670,1,5810836
5830453,1,5807672
5830402,1,5806636
5830392,1,5806627
5830359,1,5806594
5830313,1,5805566
5830285,1,5805538
5830237,1,5804507
5838904,1,5808169
5836770,1,5808049
5836765,1,5808044
5836754,1,5808033
5836745,1,5808024
5836739,1,5808018
5835730,1,5808013
5835693,1,5807977
5835680,1,5807964
5835670,1,5807954
5834651,1,5807937
5833587,1,5807871
5832525,1,5807812
5832523,1,5807810
5832498,1,5807785
5832483,1,5807770
5832478,1,5807765
5839939,1,5807215
5836718,1,5807014
5836714,1,5807010
5836711,1,5807007
5836701,1,5806997
5836700,1,5806996
5835629,1,5806930
5835625,1,5806926
5835624,1,5806925
5835623,1,5806924
5835618,1,5806919
5835600,1,5806901
5834534,1,5806837
5832461,1,5806762
5832441,1,5806742
5832434,1,5806735
5832424,1,5806725
5831407,1,5806702
5831345,1,5806641
5837676,1,5805980
5836634,1,5805946
5836613,1,5805925
5835587,1,5805904
5838890,1,5808155
5839286,1,5814449
5838271,1,5814440
5848221,1,5856671
5847231,1,5856657
5839786,1,5805097
5839780,1,5805091
5839769,1,5805080
5839762,1,5805073
5838742,1,5805059
5838730,1,5805047
5838697,1,5805014
5837671,1,5804994
5837664,1,5804987
5837655,1,5804978
5837648,1,5804971
5837645,1,5804968
5837642,1,5804965
5837641,1,5804964
5837637,1,5804960
5837636,1,5804959
5837635,1,5804958
5837634,1,5804957
5837632,1,5804955
5837610,1,5804933
5833402,1,5804736
5833401,1,5804735
5832298,1,5804631
5832297,1,5804630
5832291,1,5804624
5832281,1,5804614
5831275,1,5804605
5831221,1,5804552
5830220,1,5804490
5841838,1,5804158
5841837,1,5804157
5840814,1,5804137
5840813,1,5804136
5840811,1,5804134
5840792,1,5804115
5840789,1,5804112
5840784,1,5804107
5840780,1,5804103
5839740,1,5804069
5839709,1,5804038
5839701,1,5804030
5839700,1,5804029
5839699,1,5804028
5838671,1,5804006
5838668,1,5804003
5838655,1,5803990
5838654,1,5803989
5838652,1,5803987
5838649,1,5803984
5838648,1,5803983
5838639,1,5803974
5838625,1,5803960
5838623,1,5803958
5837594,1,5803935
5837591,1,5803932
5837572,1,5803913
5837571,1,5803912
5837565,1,5803906
5837564,1,5803905
5837551,1,5803892
5836477,1,5803826
5832272,1,5803621
5832240,1,5803590
5838248,1,5814417
5838247,1,5814416
5838232,1,5814401
5838231,1,5814400
5835013,1,5814199
5840355,1,5813527
5840353,1,5813525
5840349,1,5813522
5840347,1,5813520
5840329,1,5813502
5840328,1,5813501
5840314,1,5813487
5839283,1,5813461
5839282,1,5813460
5834990,1,5813191
5831786,1,5812981
5830754,1,5812888
5841302,1,5812487
5841297,1,5812482
5840287,1,5812477
5840286,1,5812476
5840279,1,5812470
5840278,1,5812469
5840277,1,5812468
5840234,1,5812425
5840232,1,5812423
5839207,1,5812404
5838132,1,5812335
5838129,1,5812332
5838126,1,5812329
5833815,1,5812031
5833814,1,5812030
5833813,1,5812029
5833806,1,5812022
5833804,1,5812020
5831724,1,5811935
5831699,1,5811910
5841269,1,5811473
5841237,1,5811441
5840205,1,5811415
5840201,1,5811411
5840189,1,5811399
5840188,1,5811398
5840185,1,5811395
5840155,1,5811365
5838070,1,5811292
5838068,1,5811290
5838040,1,5811262
5838036,1,5811258
5838028,1,5811250
5838027,1,5811249
5834850,1,5811087
5833779,1,5811013
5833772,1,5811006
5833765,1,5810999
5833764,1,5810998
5833763,1,5810997
5830647,1,5810814
5841183,1,5810402
5841181,1,5810400
5841167,1,5810386
5840154,1,5810378
5840139,1,5810364
5840138,1,5810363
5840127,1,5810352
5840118,1,5810343
5837981,1,5810218
5837980,1,5810217
5837979,1,5810216
5837978,1,5810215
5837977,1,5810214
5837976,1,5810213
5837952,1,5810189
5833730,1,5809979
5833718,1,5809968
5833709,1,5809959
5833700,1,5809950
5833699,1,5809949
5833692,1,5809942
5830597,1,5809779
5841143,1,5809378
5841142,1,5809377
5841126,1,5809361
5841125,1,5809360
5841117,1,5809352
5841116,1,5809351
5840076,1,5809317
5840056,1,5809297
5840055,1,5809296
5840048,1,5809289
5840044,1,5809285
5840037,1,5809278
5838979,1,5809226
5837934,1,5809187
5833662,1,5808927
5833627,1,5808893
5833626,1,5808892
5833622,1,5808888
5833609,1,5808875
5841069,1,5808322
5841044,1,5808297
5841043,1,5808296
5841034,1,5808287
5839994,1,5808253
5839989,1,5808248
5839988,1,5808247
5839971,1,5808230
5839965,1,5808224
5839955,1,5808214
5839954,1,5808213
5838937,1,5808202
5847198,1,5856624
5858821,1,5856333
5857762,1,5856255
5856748,1,5856216
5856718,1,5856187
5855682,1,5856127
5852568,1,5855941
5852555,1,5855928
5852552,1,5855925
5852551,1,5855924
5848198,1,5855680
5848191,1,5855673
5847173,1,5855630
5847140,1,5855598
5847125,1,5855583
5847115,1,5855573
5846074,1,5855513
5858767,1,5855310
5858766,1,5855309
5855633,1,5855106
5854544,1,5854993
5854541,1,5854990
5852503,1,5854904
5852490,1,5854891
5848105,1,5854616
5848104,1,5854615
5847086,1,5854573
5847080,1,5854567
5847079,1,5854566
5847076,1,5854563
5847075,1,5854562
5847074,1,5854561
5847073,1,5854560
5847067,1,5854554
5847064,1,5854551
5847059,1,5854546
5847058,1,5854545
5847053,1,5854540
5858681,1,5854258
5858668,1,5854245
5858650,1,5854227
5857644,1,5854197
5856606,1,5854135
5856596,1,5854125
5855567,1,5854072
5855556,1,5854061
5855554,1,5854059
5855541,1,5854046
5855527,1,5854032
5855520,1,5854025
5854491,1,5853972
5854489,1,5853970
5853498,1,5853954
5853472,1,5853929
5853468,1,5853925
5853441,1,5853898
5866857,1,5852596
5866849,1,5852588
5866844,1,5852583
5864743,1,5852503
5864724,1,5852484
5861578,1,5852270
5861577,1,5852269
5859441,1,5852149
5859426,1,5852134
5859424,1,5852132
5866835,1,5851593
5864679,1,5851460
5864671,1,5851452
5861541,1,5851256
5861540,1,5851255
5859394,1,5851122
5847024,1,5870014
5847023,1,5870013
5852893,1,5861108
5847019,1,5870009
5847018,1,5870008
5847016,1,5870006
5846999,1,5869989
5846998,1,5869988
5846997,1,5869987
5846992,1,5869982
5846991,1,5869981
5845990,1,5869964
5843871,1,5869804
5858599,1,5869682
5857592,1,5869650
5857587,1,5869646
5857574,1,5869633
5857573,1,5869632
5857572,1,5869631
5857548,1,5869607
5856539,1,5869574
5856525,1,5869560
5856494,1,5869529
5855507,1,5869518
5855506,1,5869517
5855486,1,5869497
5855483,1,5869494
5854460,1,5869447
5853419,1,5869382
5853418,1,5869381
5853404,1,5869367
5853379,1,5869342
5853376,1,5869339
5853375,1,5869338
5853373,1,5869336
5848010,1,5869057
5848009,1,5869056
5846979,1,5869000
5858568,1,5868682
5858515,1,5868630
5857520,1,5868611
5857519,1,5868610
5857510,1,5868601
5857478,1,5868569
5856488,7,5868554
5856484,1,5868551
5856476,1,5868543
5856475,1,5868542
5856474,1,5868541
5856449,1,5868516
5855434,1,5868477
5855398,1,5868441
5854399,1,5868418
5854350,1,5868369
5854347,1,5868366
5853361,1,5868356
5853355,1,5868350
5853333,1,5868328
5853332,1,5868327
5853318,1,5868313
5847906,1,5867986
5847893,1,5867973
5846882,1,5867937
5846873,1,5867928
5846872,1,5867927
5858464,1,5867612
5857451,1,5867575
5857438,1,5867562
5857436,1,5867560
5855355,1,5867431
5855345,1,5867421
5854325,1,5867377
5854316,1,5867368
5854297,1,5867349
5853304,1,5867331
5853291,1,5867319
5853279,1,5867307
5853276,1,5867304
5847890,7,5867001
5847858,1,5866970
5847830,1,5866942
5858431,1,5866611
5858427,1,5866607
5858400,1,5866580
5858387,1,5866567
5858379,1,5866559
5857359,1,5866515
5857338,1,5866494
5857337,1,5866493
5856344,1,5866476
5856335,1,5866467
5856334,1,5866466
5856332,1,5866464
5855300,1,5866408
5855291,1,5866399
5855289,1,5866397
5855258,1,5866366
5854245,1,5866329
5853234,1,5866294
5853222,1,5866282
5853198,1,5866258
5853192,1,5866252
5853188,1,5866248
5847797,1,5865941
5846773,1,5865892
5858350,1,5865562
5858323,1,5865535
5857298,1,5865486
5857295,1,5865483
5857290,1,5865478
5856291,1,5865454
5856286,1,5865450
5856267,1,5865431
5838902,1,5808167
5837860,1,5808131
5837857,1,5808128
5837856,1,5808127
5837810,1,5808081
5833583,1,5807867
5833542,1,5807826
5833541,1,5807825
5830433,1,5807652
5841005,1,5807275
5841003,1,5807273
5841002,1,5807272
5840982,1,5807252
5840981,1,5807251
5840976,1,5807246
5840959,1,5807229
5839949,1,5807225
5839943,1,5807219
5839925,1,5807201
5839924,1,5807200
5839922,1,5807198
5839919,1,5807195
5839910,1,5807186
5839903,1,5807179
5839900,1,5807176
5837797,1,5807085
5837754,1,5807042
5837750,1,5807038
5837745,1,5807033
5836729,1,5807024
5836709,1,5807005
5833524,1,5806823
5833475,1,5806774
5831391,1,5806687
5842005,1,5806290
5842004,1,5806289
5841971,1,5806256
5840958,1,5806243
5840927,1,5806213
5840924,1,5806210
5840921,1,5806207
5840920,1,5806206
5840903,1,5806189
5840896,1,5806182
5840895,1,5806181
5839886,1,5806177
5839882,1,5806174
5839872,1,5806164
5839852,1,5806144
5839849,1,5806141
5839841,1,5806133
5838812,1,5806109
5837742,1,5806045
5837737,1,5806041
5837705,1,5806009
5834510,1,5805831
5834506,1,5805827
5834500,1,5805821
5834478,1,5805799
5834470,1,5805791
5834464,1,5805785
5833469,1,5805784
5833462,1,5805778
5833443,1,5805760
5833432,1,5805749
5833429,1,5805746
5833404,1,5805721
5833403,1,5805720
5831328,1,5805642
5830301,1,5805554
5841937,1,5805240
5840881,1,5805186
5840877,1,5805182
5840876,1,5805181
5840872,1,5805177
5840871,1,5805176
5840865,1,5805170
5840830,1,5805135
5839766,1,5805077
5839760,1,5805071
5839759,1,5805070
5838731,1,5805048
5838729,1,5805046
5838728,1,5805045
5837612,1,5804935
5837611,1,5804934
5835494,1,5804830
5830258,1,5804528
5841891,1,5804210
5841880,1,5804200
5841873,1,5804193
5841857,1,5804177
5841856,1,5804176
5841850,1,5804170
5841849,1,5804169
5841848,1,5804168
5841836,1,5804156
5840812,1,5804135
5840779,1,5804102
5839729,1,5804058
5839723,1,5804052
5839698,1,5804027
5838657,1,5803992
5838656,1,5803991
5837569,1,5803910
5837566,1,5803907
5837550,1,5803891
5832269,1,5803618
5832231,1,5803581
5856266,1,5865430
5856248,1,5865412
5856241,1,5865405
5855252,1,5865391
5855193,1,5865333
5860883,1,5840813
5860785,1,5839738
5838167,1,5813352
5855192,1,5865332
5854208,1,5865324
5854199,1,5865315
5854150,1,5865266
5853170,1,5865261
5853164,1,5865256
5853154,1,5865246
5853132,1,5865224
5849973,1,5865067
5847754,1,5864929
5847745,1,5864920
5846673,1,5864823
5845632,1,5864766
5845628,1,5864762
5845627,1,5864761
5845617,1,5864751
5845616,1,5864750
5844623,1,5864739
5858275,1,5864517
5858259,1,5864501
5857267,1,5864484
5857262,1,5864480
5857253,1,5864471
5857246,1,5864464
5857228,1,5864446
5857212,1,5864430
5857205,1,5864423
5856227,1,5864420
5856220,1,5864414
5856194,1,5864388
5855183,1,5864353
5855139,1,5864309
5855128,1,5864298
5855127,1,5864297
5854147,1,5864292
5854139,1,5864285
5854115,1,5864261
5853085,1,5864207
5847649,1,5863853
5846630,1,5863809
5846629,1,5863808
5845599,1,5863763
5845584,1,5863748
5845570,1,5863734
5845569,1,5863733
5845567,1,5863731
5845557,1,5863721
5845548,1,5863712
5858238,1,5863509
5858234,1,5863505
5858182,1,5863453
5858181,1,5863452
5857157,1,5863404
5857156,1,5863403
5857147,1,5863394
5855118,1,5863317
5855101,1,5863300
5855100,7,5863299
5854061,1,5863236
5854060,1,5863235
5854023,1,5863198
5853035,1,5863186
5853015,1,5863166
5853001,1,5863152
5852986,1,5863137
5847578,1,5862813
5846569,1,5862779
5845542,1,5862737
5845534,1,5862730
5845503,1,5862699
5845502,1,5862698
5845501,1,5862697
5858146,1,5862448
5858145,1,5862447
5858143,1,5862445
5857138,1,5862415
5857135,1,5862412
5857119,1,5862397
5857099,1,5862377
5857087,1,5862365
5856060,1,5862314
5856050,1,5862304
5855058,1,5862287
5855007,1,5862237
5854010,1,5862216
5853989,1,5862195
5853988,1,5862194
5853965,1,5862171
5852976,1,5862157
5852965,1,5862147
5852964,1,5862146
5852915,1,5862097
5851893,1,5862072
5848592,1,5861885
5848587,1,5861880
5846505,1,5861749
5846502,1,5861746
5846495,1,5861739
5846474,1,5861718
5845465,1,5861695
5845432,1,5861662
5858107,1,5861442
5858106,1,5861441
5858105,1,5861440
5858096,1,5861431
5858092,7,5861427
5858063,1,5861398
5830175,1,5819152
5840001,1,5808260
5841025,1,5807294
5840841,1,5805146
5857139,1,5862416
5856078,1,5862332
5856077,1,5862331
5855049,1,5862279
5852970,1,5862152
5867430,1,5844330
5867429,1,5844329
5867415,1,5844315
5867387,1,5844287
5867386,1,5844286
5867385,1,5844285
5867384,1,5844284
5866377,1,5844274
5866342,1,5844239
5865245,1,5844187
5865243,1,5844185
5865232,1,5844174
5865226,1,5844168
5865225,1,5844167
5864231,1,5844149
5864230,1,5844148
5864219,1,5844137
5864206,1,5844124
5864184,1,5844102
5864173,1,5844091
5861090,1,5843960
5861079,1,5843950
5861078,1,5843949
5861076,1,5843947
5861070,1,5843941
5861063,1,5843934
5861062,1,5843933
5861061,1,5843932
5861058,1,5843929
5861051,1,5843922
5860015,1,5843893
5860011,1,5843889
5860009,1,5843888
5860006,1,5843885
5859995,1,5843874
5859994,1,5843873
5859982,1,5843861
5859978,1,5843857
5859971,1,5843850
5858940,1,5843803
5858939,1,5843802
5858927,1,5843790
5858910,1,5843773
5858906,1,5843769
5867381,1,5843303
5867375,1,5843297
5867373,1,5843296
5867372,1,5843295
5867371,1,5843294
5867369,1,5843292
5867365,1,5843288
5867359,1,5843282
5867357,1,5843280
5867349,1,5843272
5867343,1,5843266
5867329,1,5843252
5867327,1,5843250
5867320,1,5843243
5867319,1,5843242
5867318,1,5843241
5867317,1,5843240
5867316,1,5843239
5866307,3,5843224
5866284,1,5843201
5866283,1,5843200
5865174,1,5843136
5865173,1,5843135
5865164,1,5843126
5865161,1,5843123
5864138,1,5843076
5864130,1,5843068
5864128,1,5843066
5864118,1,5843056
5859947,1,5842849
5859946,1,5842848
5859940,1,5842843
5859935,1,5842838
5859929,1,5842832
5859914,1,5842817
5866350,1,5844247
5861054,1,5843925
5861029,1,5843900
5858907,1,5843770
5867362,1,5843285
5866320,1,5843236
5866266,1,5843183
5866258,1,5843175
5865196,1,5843158
5865165,1,5843127
5864120,1,5843058
5864119,1,5843057
5860989,1,5842882
5860966,1,5842859
5859889,1,5842792
5859888,1,5842791
5859887,1,5842790
5858897,1,5842779
5858888,1,5842771
5858846,1,5842729
5867269,1,5842213
5866244,1,5842179
5865113,1,5842093
5860937,2,5841850
5860931,1,5841844
5860909,1,5841822
5860905,1,5841818
5859845,1,5841771
5842052,1,5841698
5842029,1,5841675
5867225,1,5841187
5867217,1,5841179
5867180,1,5841142
5866162,1,5841112
5865032,1,5841027
5860841,1,5840772
5867170,1,5840153
5841690,1,5817796
5841679,1,5817785
5841675,1,5817781
5841660,1,5817766
5841651,1,5817757
5841647,1,5817753
5841641,1,5817747
5841640,1,5817746
5841636,1,5817742
5841635,1,5817741
5841634,1,5817740
5840623,1,5817734
5840594,1,5817706
5840590,1,5817702
5840586,1,5817698
5840584,1,5817696
5840568,1,5817680
5839545,1,5817663
5839528,1,5817646
5839514,1,5817632
5839508,1,5817626
5839505,1,5817623
5839504,1,5817622
5839503,1,5817621
5839490,1,5817608
5839489,1,5817607
5839488,1,5817606
5839487,1,5817605
5838477,1,5817600
5838472,1,5817596
5838446,1,5817570
5838417,1,5817541
5838416,1,5817540
5838415,1,5817539
5837877,1,5809130
5834705,1,5808973
5834680,1,5808948
5833657,1,5808923
5832540,1,5808811
5830523,1,5808724
5841092,1,5808344
5841075,1,5808328
5841045,1,5808298
5841040,1,5808293
5840013,1,5808272
5838919,1,5808184
5838883,1,5808148
5837852,1,5808123
5837834,1,5808105
5834647,1,5807933
5834603,1,5807889
5833549,1,5807833
5833536,1,5807820
5841008,1,5807278
5840999,1,5807269
5840970,1,5807240
5839906,1,5807182
5838829,1,5807111
5836704,1,5807000
5834560,1,5806863
5833527,1,5806826
5832418,1,5806719
5830347,1,5806582
5840941,1,5806227
5839844,1,5806136
5838794,1,5806092
5838793,1,5806091
5838755,1,5806053
5837738,1,5806042
5837730,1,5806034
5836619,1,5805931
5836615,1,5805927
5834524,1,5805844
5834523,1,5805843
5834473,1,5805794
5833458,1,5805775
5833453,1,5805770
5833445,1,5805762
5832346,1,5805663
5832345,1,5805662
5860612,1,5853296
5860748,1,5838718
5838102,1,5812305
5834843,1,5811080
5839016,1,5810247
5837966,1,5810203
5834711,1,5808979
5834667,1,5808935
5834653,1,5807939
5837711,1,5806015
5867162,1,5840145
5867148,1,5840131
5866126,1,5840093
5866123,3,5840090
5866119,1,5840087
5866118,1,5840086
5866088,1,5840056
5866087,1,5840055
5866085,1,5840053
5865007,1,5840021
5864996,1,5840010
5864979,1,5839993
5860797,1,5839750
5867106,1,5839109
5867099,1,5839103
5867087,1,5839091
5867064,1,5839068
5867047,1,5839051
5866060,1,5839045
5866047,1,5839033
5866043,1,5839029
5866039,1,5839025
5866008,1,5838994
5864900,1,5838931
5867038,1,5838064
5867024,1,5838051
5867021,1,5838048
5867000,1,5838027
5865980,1,5837986
5865967,1,5837973
5865957,1,5837963
5865932,1,5837938
5864869,1,5837921
5864864,1,5837916
5864848,1,5837900
5864847,1,5837899
5864844,1,5837896
5861702,1,5837683
5860645,1,5837639
5860628,1,5837622
5866966,1,5837017
5865908,1,5836935
5865886,1,5836913
5835233,1,5817375
5835232,1,5817374
5834168,1,5817310
5834167,1,5817309
5834156,1,5817298
5834148,1,5817290
5834142,1,5817284
5833130,1,5817272
5833124,1,5817266
5833121,1,5817263
5833115,1,5817257
5833112,1,5817254
5833111,1,5817253
5833110,1,5817252
5833086,1,5817228
5833072,1,5817214
5833071,1,5817213
5832070,1,5817205
5832068,1,5817204
5832027,1,5817163
5832021,1,5817157
5832017,1,5817153
5832015,1,5817151
5831063,1,5817134
5831048,1,5817119
5831037,1,5817108
5841627,1,5816748
5841624,1,5816746
5841614,1,5816736
5841613,1,5816735
5841610,1,5816732
5841956,1,5805258
5841935,1,5805238
5841922,1,5805225
5841900,1,5805203
5841893,1,5805196
5840891,1,5805195
5840866,1,5805171
5840829,1,5805134
5839785,1,5805096
5838717,1,5805034
5838712,1,5805029
5838687,1,5805004
5837667,1,5804990
5835479,1,5804815
5834446,1,5804785
5834401,1,5804740
5834398,1,5804737
5833392,1,5804727
5833387,1,5804722
5833346,1,5804681
5833337,1,5804672
5832286,1,5804619
5830250,1,5804520
5830233,1,5804503
5830212,1,5804482
5841870,1,5804190
5841869,1,5804189
5841862,1,5804182
5841842,1,5804162
5840809,1,5804132
5840794,1,5804117
5839748,1,5804077
5839745,1,5804074
5839688,1,5804017
5838680,1,5804014
5838676,1,5804011
5838675,1,5804010
5838665,1,5804000
5838653,1,5803988
5838632,1,5803967
5838631,1,5803966
5838621,1,5803956
5834389,1,5803745
5834385,1,5803741
5834349,1,5803705
5834340,1,5803696
5834332,1,5803688
5833284,1,5803637
5832263,1,5803613
5832244,1,5803594
5832238,1,5803588
5857719,1,6044992
5853559,1,6044988
5839883,1,6044398
5860889,1,6042383
5860881,1,6042382
5852624,1,5856965
5852590,1,5856931
5848274,1,5856724
5848261,1,5856711
5848260,1,5856710
5848243,1,5856693
5846192,1,5856598
5844062,1,5856429
5857779,1,5856272
5856735,1,5856204
5855709,1,5856153
5855671,1,5856116
5855670,1,5856115
5854653,1,5856074
5854652,1,5856073
5854646,1,5856067
5853598,1,5855995
5852544,1,5855917
5852543,1,5855916
5848203,1,5855685
5848178,1,5855660
5857699,1,5855220
5856651,1,5855148
5856650,1,5855147
5856625,1,5855122
5856624,1,5855121
5856621,1,5855118
5856620,1,5855117
5855616,1,5855089
5855615,1,5855088
5855599,1,5855072
5855597,1,5855070
5848134,1,5854645
5848133,1,5854644
5843936,1,5854364
5858680,1,5854257
5857647,1,5854200
5857628,1,5854181
5857627,1,5854180
5857622,1,5854175
5857620,1,5854173
5856598,1,5854127
5856565,1,5854094
5856562,1,5854091
5855562,1,5854067
5853467,1,5853924
5853451,1,5853908
5859528,1,5853218
5859527,1,5853217
5866896,1,5852635
5866854,1,5852593
5860521,1,5852225
5860515,1,5852219
5859483,1,5852190
5859471,1,5852179
5859467,1,5852175
5866825,1,5851583
5864626,1,5851407
5861564,1,5851278
5861563,1,5851277
5861562,1,5851276
5861535,1,5851250
5861523,1,5851238
5861522,1,5851237
5860474,1,5851200
5866756,1,5850534
5864611,1,5850412
5860397,1,5850145
5860396,1,5850144
5864513,1,5849335
5859272,1,5849041
5865506,1,5848368
5860194,1,5847005
5860193,1,5847004
5860192,1,5847003
5860191,1,5847002
5860190,1,5847001
5860173,1,5846984
5860138,1,5845971
5860132,1,5845965
5860096,1,5845929
5866450,1,5845325
5866416,1,5845292
5866415,1,5845291
5866414,1,5845290
5866399,1,5845275
5858977,1,5844821
5866385,1,5844281
5866384,1,5844280
5858925,1,5843788
5858919,1,5843782
5866305,1,5843222
5866290,1,5843207
5866280,1,5843197
5858869,1,5842752
5867277,1,5842221
5842080,1,5841726
5842070,1,5841716
5842068,1,5841714
5842067,1,5841713
5842047,1,5841693
5842046,1,5841692
5866191,1,5841140
5866152,1,5841102
5860826,1,5840757
5859780,1,5840725
5860787,1,5839740
5867094,1,5839098
5864891,1,5838922
5860739,1,5838710
5860729,1,5838700
5845420,1,5861650
5853822,1,5859125
5865098,1,5842078
5840596,1,5817708
5841147,1,5809382
5841145,1,5809380
5841141,1,5809376
5841140,1,5809375
5841134,1,5809369
5841124,1,5809359
5841123,1,5809358
5841096,1,5809331
5840085,1,5809325
5840058,1,5809299
5840036,1,5809277
5840032,1,5809273
5840021,1,5809262
5838989,1,5809236
5838988,1,5809235
5838951,1,5809198
5837939,1,5809192
5837933,1,5809186
5837912,1,5809165
5833668,1,5808933
5833660,1,5808926
5833648,1,5808914
5833644,1,5808910
5833642,1,5808908
5833635,1,5808901
5833624,1,5808890
5833623,1,5808889
5833617,1,5808883
5833614,1,5808880
5833611,1,5808877
5833610,1,5808876
5833608,1,5808874
5833606,1,5808872
5833603,1,5808869
5830530,1,5808731
5830525,1,5808726
5841090,1,5808342
5841054,1,5808307
5841050,1,5808303
5841039,1,5808292
5841038,1,5808291
5841037,1,5808290
5841036,1,5808289
5840006,1,5808265
5840003,1,5808262
5840000,1,5808259
5839993,1,5808252
5839976,1,5808235
5839975,1,5808234
5839973,1,5808232
5839969,1,5808228
5839968,1,5808227
5839967,1,5808226
5839966,1,5808225
5839960,1,5808219
5838929,1,5808194
5838901,1,5808166
5837865,1,5808136
5837861,1,5808132
5837855,1,5808126
5837811,1,5808082
5833600,1,5807883
5833580,1,5807864
5833573,1,5807857
5833572,1,5807856
5833571,1,5807855
5833556,1,5807840
5833553,1,5807837
5833552,1,5807836
5833546,1,5807830
5833545,1,5807829
5833544,1,5807828
5833543,1,5807827
5832489,1,5807776
5831447,1,5807727
5831446,1,5807726
5841015,1,5807285
5841014,1,5807284
5841007,1,5807277
5841006,1,5807276
5841001,1,5807271
5840980,1,5807250
5840967,1,5807237
5840964,1,5807234
5840963,1,5807233
5839938,1,5807214
5839915,1,5807191
5839914,1,5807190
5839911,1,5807187
5839904,1,5807180
5839889,1,5807165
5839888,1,5807164
5838876,1,5807158
5838875,1,5807157
5838874,1,5807156
5857329,1,6038076
5854209,1,6038073
5839548,1,6038041
5838275,1,6037513
5857979,1,6037037
5852779,1,6037032
5831805,1,6037016
5854729,1,6036532
5858830,1,6036520
5841271,1,5811475
5840827,1,5805132
5858111,1,5861445
5858075,1,5861410
5858074,1,5861409
5858069,1,5861404
5858061,1,5861396
5857034,1,5861345
5856016,1,5861303
5856015,1,5861302
5855990,1,5861277
5854994,1,5861256
5854991,1,5861253
5854974,1,5861237
5854955,1,5861218
5854933,1,5861196
5854932,1,5861195
5854931,1,5861194
5853925,1,5861164
5853906,1,5861145
5852898,1,5861113
5852897,1,5861112
5852862,1,5861077
5847491,1,5860793
5846459,1,5860736
5846398,1,5860676
5845410,1,5860673
5845409,1,5860672
5845379,1,5860643
5845368,1,5860632
5845362,1,5860626
5845361,1,5860625
5858038,1,5860406
5858005,1,5860373
5857003,1,5860347
5853882,1,5860154
5853835,1,5860107
5852848,1,5860095
5852821,1,5860069
5852810,1,5860058
5848446,1,5859805
5848414,1,5859773
5846386,1,5859698
5846383,1,5859695
5846381,1,5859693
5846380,1,5859692
5845281,1,5859579
5842197,1,5859424
5842196,1,5859423
5857961,1,5859361
5857950,1,5859350
5857943,1,5859343
5857937,1,5859337
5857936,1,5859336
5856937,1,5859313
5855893,1,5859245
5853821,1,5859124
5853796,1,5859100
5853794,1,5859098
5853783,1,5859087
5852744,1,5859024
5848398,1,5858789
5848377,1,5858768
5848376,1,5858767
5848370,1,5858761
5848347,1,5858738
5845241,1,5858572
5845231,1,5858562
5845227,1,5858558
5844229,1,5858536
5842109,1,5858369
5857899,1,5858331
5856830,1,5858238
5856823,1,5858231
5854782,1,5858142
5852718,1,5858029
5852717,1,5858028
5852700,1,5858012
5852699,1,5858011
5852698,1,5858010
5848346,1,5857766
5848304,1,5857725
5848303,1,5857724
5848302,1,5857723
5847300,1,5857697
5847297,1,5857694
5847283,7,5857680
5847268,1,5857665
5845207,1,5857569
5845205,1,5857567
5845189,1,5857551
5857850,1,5857310
5857825,1,5857286
5857811,1,5857272
5857810,1,5857271
5856814,1,5857250
5856813,1,5857249
5856797,1,5857234
5856752,1,5857189
5856750,1,5857187
5855772,1,5857184
5855771,1,5857183
5854718,1,5857107
5854694,1,5857083
5854683,1,5857072
5854682,1,5857071
5854678,1,5857067
5853691,1,5857055
5853684,1,5857049
5852643,1,5856984
5852642,1,5856983
5852637,1,5856978
5852635,1,5856976
5852625,1,5856966
5849983,1,5866045
5847820,1,5865964
5847782,1,5865926
5858374,1,5865585
5858373,1,5865584
5858372,1,5865583
5857332,1,5865519
5857311,1,5865499
5857282,1,5865470
5856289,1,5865453
5856288,1,5865452
5856287,1,5865451
5856275,1,5865439
5856273,1,5865437
5856271,1,5865435
5856270,1,5865434
5856249,1,5865413
5856240,1,5865404
5855226,1,5865366
5854203,1,5865319
5854160,1,5865276
5854159,1,5865275
5853168,1,5865260
5853118,1,5865210
5849969,1,5865064
5845661,1,5864795
5845660,1,5864794
5845654,1,5864788
5845645,1,5864779
5845637,1,5864771
5845636,1,5864770
5845631,1,5864765
5845630,1,5864764
5845623,1,5864757
5845619,1,5864753
5844581,1,5864697
5858303,1,5864545
5858297,1,5864539
5858296,1,5864538
5858280,1,5864522
5858279,1,5864521
5858264,7,5864506
5858260,1,5864502
5857242,1,5864460
5857239,1,5864457
5857238,1,5864456
5857237,1,5864455
5857236,1,5864454
5856178,1,5864372
5855189,1,5864358
5855187,1,5864356
5855186,1,5864355
5855165,1,5864335
5853062,1,5864184
5853061,1,5864183
5845605,1,5863768
5845603,1,5863767
5845591,1,5863755
5845585,1,5863749
5845564,1,5863728
5845563,1,5863727
5845559,1,5863723
5845553,1,5863717
5845549,1,5863713
5845543,1,5863707
5858221,1,5863492
5858220,1,5863491
5856152,1,5863375
5856140,1,5863363
5856113,1,5863336
5855092,1,5863291
5845531,1,5862727
5845514,1,5862710
5845512,1,5862708
5845511,1,5862707
5845490,1,5862686
5845488,1,5862684
5845485,1,5862681
5845481,1,5862677
5845478,1,5862674
5845477,1,5862673
5858178,1,5862479
5857137,1,5862414
5857089,1,5862367
5857086,1,5862364
5857077,1,5862355
5856081,1,5862335
5856055,1,5862309
5855048,1,5862278
5855003,1,5862233
5855002,1,5862232
5854019,1,5862224
5853981,1,5862187
5853978,1,5862184
5853974,1,5862180
5853971,1,5862177
5852933,1,5862115
5851907,1,5862086
5848556,1,5861849
5848555,1,5861848
5848554,1,5861847
5848553,1,5861846
5848552,1,5861845
5848551,1,5861844
5848550,1,5861843
5848549,1,5861842
5847547,1,5861816
5847544,1,5861813
5846512,1,5861756
5845458,1,5861688
5845446,1,5861676
5845444,1,5861674
5838133,1,5812336
5838131,1,5812334
5838130,1,5812333
5838082,1,5812285
5838081,1,5812284
5838080,1,5812283
5835958,1,5812175
5834918,1,5812136
5833824,1,5812040
5833823,1,5812039
5841259,1,5811463
5841257,1,5811461
5841241,1,5811445
5841236,1,5811440
5840220,1,5811429
5840198,1,5811408
5840197,1,5811407
5840184,1,5811394
5840178,1,5811388
5840177,1,5811387
5840176,1,5811386
5840169,1,5811379
5840168,1,5811378
5840161,1,5811371
5840156,1,5811366
5839140,1,5811356
5839121,1,5811337
5839118,1,5811334
5839117,1,5811333
5839103,1,5811319
5839099,1,5811315
5839098,1,5811314
5839086,1,5811302
5839085,1,5811301
5838072,1,5811294
5838071,1,5811293
5838045,1,5811267
5838039,1,5811261
5835870,1,5811106
5833798,1,5811031
5833781,1,5811015
5833767,1,5811001
5833766,1,5811000
5833755,1,5810989
5833754,1,5810988
5833743,1,5810977
5831672,1,5810899
5831659,1,5810886
5830646,1,5810813
5841219,1,5810438
5841218,1,5810437
5841211,1,5810430
5841187,1,5810406
5841178,1,5810397
5841177,1,5810396
5841172,1,5810391
5840146,1,5810371
5840137,1,5810362
5840136,1,5810361
5840122,1,5810347
5840117,1,5810342
5840111,1,5810336
5840105,1,5810330
5840100,1,5810325
5840098,1,5810323
5840095,1,5810320
5839080,1,5810310
5839061,1,5810292
5839055,1,5810286
5839047,1,5810278
5839039,1,5810270
5839038,1,5810269
5839032,1,5810263
5839031,1,5810262
5839030,1,5810261
5839029,1,5810260
5839028,1,5810259
5839021,1,5810252
5838003,1,5810240
5837996,1,5810233
5837995,1,5810232
5834753,1,5810005
5834752,1,5810004
5834751,1,5810003
5834750,1,5810002
5833721,1,5809971
5833714,1,5809964
5833694,1,5809944
5833693,1,5809943
5832648,1,5809903
5832641,1,5809896
5832638,1,5809893
5832627,1,5809882
5832626,1,5809881
5831547,1,5809790
5831545,1,5809788
5830554,1,5809736
5830553,1,5809735
5841152,1,5809387
5841148,1,5809383
5845842,1,5867881
5845835,1,5867874
5845827,1,5867866
5844810,1,5867832
5844771,1,5867793
5844769,1,5867791
5844768,1,5867790
5844759,1,5867781
5843772,1,5867770
5843753,1,5867751
5842735,1,5867709
5842719,1,5867693
5842704,1,5867678
5858487,1,5867635
5858485,1,5867633
5858461,1,5867609
5858460,1,5867608
5858459,1,5867607
5858458,1,5867606
5858455,1,5867603
5858449,1,5867597
5857457,1,5867581
5857456,1,5867580
5857422,1,5867546
5857412,1,5867536
5857409,1,5867533
5857408,1,5867532
5856405,1,5867505
5856393,7,5867493
5856392,1,5867492
5856376,3,5867476
5856375,1,5867475
5856372,1,5867472
5856371,7,5867471
5856370,1,5867470
5856364,1,5867464
5855358,1,5867434
5855354,1,5867430
5855343,1,5867419
5854341,1,5867392
5854332,1,5867384
5854309,1,5867361
5854282,1,5867334
5854281,1,5867333
5853293,1,5867321
5859913,1,5842816
5859899,1,5842802
5859896,1,5842799
5858891,1,5842774
5858876,1,5842759
5858875,1,5842758
5858862,1,5842745
5858856,1,5842739
5858855,1,5842738
5858853,1,5842736
5858842,1,5842725
5858835,1,5842718
5867311,1,5842254
5867309,1,5842252
5867305,1,5842249
5867298,1,5842242
5867292,1,5842236
5867284,1,5842228
5867274,1,5842218
5867271,1,5842215
5866220,1,5842155
5866202,1,5842137
5865134,1,5842114
5865132,1,5842112
5865131,1,5842111
5865117,1,5842097
5865114,1,5842094
5865086,1,5842066
5865085,1,5842065
5865082,1,5842062
5860938,1,5841851
5860911,1,5841824
5860901,1,5841814
5860900,1,5841813
5859864,1,5841790
5859844,1,5841770
5859843,1,5841769
5859838,1,5841764
5859824,1,5841750
5859817,1,5841743
5859816,1,5841742
5859815,1,5841741
5838604,1,5819697
5838830,1,5807112
5853292,1,5867320
5853289,1,5867317
5853288,1,5867316
5853287,1,5867315
5853262,1,5867290
5853245,1,5867273
5853240,1,5867268
5850079,1,5867108
5850072,1,5867101
5850071,1,5867100
5850070,1,5867099
5850069,1,5867098
5850068,1,5867097
5850067,1,5867096
5850064,1,5867093
5850063,1,5867092
5850061,1,5867090
5850060,1,5867089
5850059,1,5867088
5850058,1,5867087
5850056,1,5867085
5850054,1,5867083
5850052,1,5867081
5850051,1,5867080
5850050,1,5867079
5850049,1,5867078
5850048,1,5867077
5850046,1,5867075
5850045,1,5867074
5850044,1,5867073
5850042,1,5867071
5850041,1,5867070
5848890,1,5867012
5848889,1,5867011
5848888,1,5867010
5848881,1,5867003
5847888,1,5866999
5847882,1,5866994
5847879,1,5866991
5847870,1,5866982
5847862,1,5866974
5847859,1,5866971
5847854,1,5866966
5847849,7,5866961
5847837,1,5866949
5847828,1,5866940
5845788,1,5866859
5845787,1,5866858
5845786,1,5866857
5845782,1,5866853
5845781,1,5866852
5845779,1,5866850
5845777,1,5866848
5845767,1,5866838
5845758,1,5866829
5845752,1,5866823
5844738,1,5866792
5844727,1,5866781
5844697,1,5866751
5844695,1,5866749
5844694,1,5866748
5843704,1,5866734
5843702,1,5866732
5843700,3,5866730
5843657,1,5866687
5858438,1,5866617
5858396,1,5866576
5858395,1,5866575
5858391,1,5866571
5857351,1,5866507
5857343,1,5866499
5847162,1,5855620
5831043,1,5817114
5832276,1,5804609
5848217,1,5856667
5847241,1,5856666
5847233,1,5856659
5847219,1,5856645
5847216,1,5856642
5847214,1,5856640
5847203,1,5856629
5847202,1,5856628
5846176,1,5856582
5846156,1,5856562
5846144,1,5856550
5845145,1,5856535
5845121,1,5856512
5844071,1,5856438
5843050,1,5856393
5843011,7,5856354
5857783,1,5856276
5857758,1,5856251
5857749,1,5856242
5856722,3,5856191
5856689,1,5856158
5855707,1,5856151
5855691,1,5856136
5855669,1,5856114
5855650,1,5856095
5855649,1,5856094
5854639,1,5856060
5854631,1,5856052
5854628,7,5856049
5854623,1,5856044
5854619,1,5856040
5854617,1,5856038
5853623,1,5856020
5853604,1,5856001
5853585,1,5855982
5853582,1,5855979
5852578,1,5855951
5848194,1,5855676
5848177,1,5855659
5842030,1,5841676
5867245,1,5841206
5867238,1,5841200
5867221,1,5841183
5867216,1,5841178
5867212,1,5841174
5867188,1,5841150
5866170,1,5841120
5865078,1,5841073
5865064,1,5841059
5865057,1,5841052
5865056,1,5841051
5865023,1,5841018
5865020,1,5841015
5865019,1,5841014
5860887,1,5840817
5860886,1,5840816
5860878,1,5840809
5860865,1,5840796
5860861,1,5840792
5860850,1,5840781
5860849,1,5840780
5860848,1,5840779
5860847,1,5840778
5860835,1,5840766
5860834,1,5840765
5860833,1,5840764
5860832,1,5840763
5859791,1,5840736
5859770,1,5840715
5859765,1,5840710
5859748,1,5840693
5867176,1,5840158
5867166,1,5840149
5867163,1,5840146
5867161,1,5840144
5841608,1,5816730
5841604,1,5816726
5841601,1,5816723
5841600,1,5816722
5841599,1,5816721
5841595,1,5816717
5841594,1,5816716
5841593,1,5816715
5841592,1,5816714
5841590,1,5816712
5841588,1,5816710
5841586,1,5816708
5841585,1,5816707
5841582,1,5816704
5841581,1,5816703
5841580,1,5816702
5841579,1,5816701
5841573,1,5816695
5841572,1,5816694
5841571,1,5816693
5841568,1,5816690
5840531,1,5816659
5840518,1,5816646
5840515,1,5816643
5840496,1,5816624
5839474,1,5816608
5839429,1,5816563
5839428,1,5816562
5838388,1,5816528
5838362,1,5816502
5838352,1,5816492
5838348,1,5816488
5837271,1,5816420
5836221,1,5816375
5835193,1,5816350
5834132,1,5816288
5834126,1,5816283
5834124,1,5816281
5834110,1,5816267
5834099,1,5816256
5834098,1,5816255
5834097,1,5816254
5834096,1,5816253
5834092,1,5816249
5834084,1,5816241
5834080,1,5816237
5848165,1,5855647
5848159,1,5855641
5848154,1,5855636
5847174,1,5855631
5847165,1,5855623
5847139,1,5855597
5847138,1,5855596
5847137,1,5855595
5847136,1,5855594
5847134,1,5855592
5847126,1,5855584
5846115,1,5855554
5846113,1,5855552
5846099,1,5855538
5846089,1,5855528
5846086,1,5855525
5846084,1,5855523
5844020,1,5855419
5844013,1,5855412
5844011,1,5855410
5843989,1,5855388
5843984,1,5855383
5842985,1,5855360
5842959,1,5855334
5855642,1,5855114
5855608,1,5855081
5855588,1,5855061
5855585,1,5855058
5855580,1,5855053
5854595,1,5855044
5854594,1,5855043
5854576,1,5855025
5854553,1,5855002
5853554,1,5854979
5853553,1,5854978
5853552,1,5854977
5853551,1,5854976
5853539,1,5854964
5852509,1,5854910
5852508,1,5854909
5849237,1,5854675
5849235,1,5854673
5848145,1,5854656
5848116,1,5854627
5848115,1,5854626
5848103,1,5854614
5848097,1,5854608
5848096,1,5854607
5848095,1,5854606
5847104,1,5854591
5847100,1,5854587
5847097,1,5854584
5847094,1,5854581
5847093,1,5854580
5847092,1,5854579
5846048,1,5854517
5846040,1,5854509
5846030,1,5854499
5843960,1,5854388
5843951,1,5854379
5843950,1,5854378
5843945,1,5854373
5843944,1,5854372
5843913,1,5854341
5842920,1,5854324
5858682,1,5854259
5858660,1,5854237
5858649,1,5854226
5857652,1,5854205
5857645,1,5854198
5857630,1,5854183
5857600,1,5854153
5856593,1,5854122
5856578,1,5854107
5856559,1,5854088
5841816,1,5819893
5841806,1,5819883
5841800,1,5819877
5841797,1,5819874
5841761,1,5819838
5840750,1,5819831
5840730,1,5819811
5840729,1,5819810
5840721,1,5819802
5840692,1,5819773
5839659,1,5819746
5839647,1,5819734
5839637,1,5819724
5839634,1,5819721
5838613,1,5819705
5838603,1,5819696
5838589,1,5819682
5838582,1,5819675
5838579,1,5819672
5838576,1,5819669
5838575,1,5819668
5838568,1,5819661
5838563,1,5819656
5836454,1,5819559
5836448,1,5819553
5835368,1,5819478
5834328,1,5819438
5834309,1,5819420
5834300,1,5819411
5834298,1,5819409
5834296,1,5819407
5834273,1,5819384
5834272,1,5819383
5833253,1,5819362
5833228,1,5819337
5833227,1,5819336
5841780,1,5819857
5840736,1,5819817
5840709,1,5819790
5838587,1,5819680
5838584,1,5819677
5838566,1,5819659
5834290,1,5819401
5834270,1,5819381
5833243,1,5819352
5833239,1,5819348
5832200,1,5819305
5832196,1,5819301
5832182,1,5819287
5830172,1,5819149
5841696,1,5818787
5840671,1,5818767
5839601,1,5818703
5839599,1,5818701
5839567,1,5818669
5839566,1,5818668
5838538,1,5818646
5838530,1,5818638
5838490,1,5818598
5834200,1,5818326
5832140,1,5818259
5832105,1,5818225
5832089,1,5818209
5832088,1,5818208
5831128,1,5818182
5841669,1,5817775
5841661,1,5817767
5839486,1,5817604
5834192,1,5817334
5834163,1,5817305
5834162,1,5817304
5834161,1,5817303
5834144,1,5817286
5833118,1,5817260
5833085,1,5817227
5833070,1,5817212
5832074,1,5817209
5832072,1,5817207
5832060,1,5817196
5832053,1,5817189
5832045,1,5817181
5832028,1,5817164
5832009,1,5817145
5831054,1,5817125
5841626,1,5816747
5841623,1,5816745
5841615,1,5816737
5840540,1,5816668
5840528,1,5816656
5839452,1,5816586
5838402,1,5816542
5835160,1,5816318
5834089,1,5816246
5834088,1,5816245
5833065,1,5816222
5833061,1,5816219
5831954,1,5816105
5831948,1,5816099
5841509,1,5815645
5840441,1,5815583
5834074,1,5816231
5834069,1,5816226
5834068,1,5816225
5833050,1,5816208
5833046,1,5816204
5833028,1,5816186
5833027,1,5816185
5833017,1,5816175
5833003,1,5816161
5831998,1,5816149
5831958,1,5816109
5841560,1,5815695
5841556,1,5815692
5841533,1,5815669
5841512,1,5815648
5841510,1,5815646
5841508,1,5815644
5841496,1,5815632
5840462,1,5815604
5839413,1,5815561
5839411,1,5815559
5839408,1,5815556
5839392,1,5815540
5839387,1,5815535
5839374,1,5815522
5838343,1,5815496
5856356,1,5866487
5856349,1,5866481
5856348,1,5866480
5856343,1,5866475
5856341,1,5866473
5856336,1,5866468
5856331,1,5866463
5855317,1,5866424
5855285,1,5866393
5855280,1,5866388
5855277,1,5866385
5855276,1,5866384
5854279,1,5866362
5854276,1,5866359
5854256,1,5866340
5854244,1,5866328
5854221,1,5866305
5853228,1,5866288
5853221,1,5866281
5853220,1,5866280
5853219,1,5866279
5853217,1,5866277
5853213,1,5866273
5853203,1,5866263
5853202,7,5866262
5853201,1,5866261
5853191,1,5866251
5853177,7,5866237
5850040,1,5866101
5850039,1,5866100
5850038,1,5866099
5850035,1,5866097
5850034,1,5866096
5850033,1,5866095
5850026,7,5866088
5850023,1,5866085
5850022,1,5866084
5850021,1,5866083
5850019,1,5866081
5850016,2,5866078
5850015,2,5866077
5850013,1,5866075
5850012,1,5866074
5850011,1,5866073
5850008,1,5866070
5850006,1,5866068
5850004,1,5866066
5850003,1,5866065
5865463,1,5847345
5865449,1,5847331
5865426,1,5847308
5865419,1,5847301
5865417,1,5847299
5865412,1,5847294
5849135,1,5870149
5849094,1,5870108
5849093,1,5870107
5848084,1,5870098
5848067,1,5870082
5848063,7,5870078
5848063,8,6060848
5848059,1,5870074
5848049,1,5870064
5848040,1,5870055
5848036,1,5870051
5845999,1,5869972
5845998,1,5869971
5845981,1,5869955
5845980,1,5869954
5845975,1,5869949
5845963,1,5869937
5845962,1,5869936
5845959,1,5869933
5845952,1,5869926
5845950,1,5869924
5845945,1,5869919
5845940,1,5869914
5845935,7,5869909
5844925,1,5869882
5844924,1,5869881
5844916,1,5869873
5843904,1,5869837
5843858,1,5869791
5843849,1,5869782
5858631,1,5869713
5858618,7,5869701
5858617,1,5869700
5867151,1,5840134
5867133,1,5840116
5867132,1,5840115
5867131,1,5840114
5867129,1,5840112
5867128,1,5840111
5867127,1,5840110
5865015,1,5840029
5865000,1,5840014
5860809,1,5839762
5860793,1,5839746
5860791,1,5839744
5860781,1,5839734
5860780,1,5839733
5860778,1,5839731
5860777,1,5839730
5860776,1,5839729
5860771,1,5839724
5860770,1,5839723
5860768,1,5839721
5860764,1,5839717
5860757,1,5839710
5859736,1,5839701
5859735,1,5839700
5859730,1,5839695
5859729,1,5839694
5859728,1,5839693
5859723,1,5839688
5859697,1,5839662
5867096,1,5839100
5867089,1,5839093
5867088,1,5839092
5867082,1,5839086
5867081,1,5839085
5867080,1,5839084
5867079,1,5839083
5867074,1,5839078
5867058,1,5839062
5867050,1,5839054
5867049,1,5839053
5867048,1,5839052
5867046,1,5839050
5867045,1,5839049
5865861,1,6044963
5859284,1,6043940
5833460,1,6043917
5839749,1,6043887
5860144,1,6043413
5848938,1,6038101
5850002,1,5866064
5850000,1,5866062
5849999,1,5866061
5849998,1,5866060
5849997,1,5866059
5849996,1,5866058
5849995,1,5866057
5847819,1,5865963
5847818,1,5865962
5847813,1,5865957
5847812,1,5865956
5847805,1,5865949
5847784,1,5865928
5847775,1,5865919
5847767,4,5865911
5847767,5,6060841
5845725,1,5865828
5845724,1,5865827
5845716,1,5865819
5845714,1,5865817
5845706,1,5865809
5845705,1,5865808
5845694,1,5865797
5845693,1,5865796
5845686,1,5865789
5845676,1,5865779
5844686,1,5865772
5844670,1,5865756
5844668,1,5865754
5843651,1,5865712
5843650,1,5865711
5843632,1,5865694
5843622,1,5865684
5843601,1,5865663
5843597,1,5865659
5843596,1,5865658
5842612,1,5865649
5842596,1,5865634
5842592,1,5865630
5842584,1,5865622
5842583,1,5865621
5842562,1,5865600
5858367,1,5865579
5857322,1,5865510
5857319,1,5865507
5857315,1,5865503
5857294,1,5865482
5857291,1,5865479
5857289,1,5865477
5857281,1,5865469
5857277,1,5865465
5856269,1,5865433
5856260,1,5865424
5855254,1,5865393
5855243,1,5865383
5855242,1,5865382
5855231,1,5865371
5855217,1,5865357
5855212,1,5865352
5855196,1,5865336
5854207,1,5865323
5854188,1,5865304
5854181,1,5865297
5854171,1,5865287
5854164,1,5865280
5854151,1,5865267
5853172,1,5865263
5853138,1,5865230
5865411,1,5847293
5865410,1,5847292
5865409,1,5847291
5864407,1,5847265
5864381,1,5847239
5864380,1,5847238
5861278,1,5847082
5861269,1,5847073
5861268,1,5847072
5861251,1,5847055
5861228,1,5847032
5860198,1,5847009
5860196,1,5847007
5860183,1,5846994
5860178,1,5846989
5860167,1,5846978
5860163,1,5846974
5859148,1,5846953
5859130,1,5846935
5859129,1,5846934
5859108,1,5846913
5859103,1,5846908
5867581,1,5846432
5866512,1,5846367
5866489,1,5846345
5866473,1,5846329
5866472,1,5846328
5866471,1,5846327
5865399,1,5846300
5865398,1,5846299
5865396,1,5846297
5865395,1,5846296
5865369,1,5846270
5864340,1,5846217
5864339,1,5846216
5864333,1,5846210
5864326,1,5846203
5864321,1,5846198
5864314,1,5846191
5864311,1,5846188
5861204,1,5846030
5861201,1,5846027
5861178,1,5846004
5861173,1,5845999
5860134,1,5845967
5860130,1,5845963
5860126,1,5845959
5860119,1,5845952
5860118,1,5845951
5860112,1,5845945
5860106,1,5845939
5860097,1,5845930
5860091,1,5845924
5859086,1,5845911
5859082,1,5845907
5859081,1,5845906
5859052,1,5845877
5859051,1,5845876
5859047,1,5845872
5859041,1,5845866
5859040,1,5845865
5867487,1,5845363
5867458,1,5845334
5867454,1,5845330
5867451,1,5845327
5866423,1,5845299
5866421,7,5845297
5866418,1,5845294
5866412,1,5845288
5866411,1,5845287
5866392,1,5845268
5865332,1,5845254
5865328,1,5845250
5865313,1,5845235
5865301,1,5845223
5865294,1,5845216
5855547,1,5854052
5855545,1,5854050
5855519,1,5854024
5854504,1,5853985
5854490,1,5853971
5853476,1,5853933
5853475,1,5853932
5850277,1,5853729
5849193,1,5853665
5849180,1,5853652
5865864,1,5853624
5865852,1,5853613
5865851,1,5853612
5865813,1,5853574
5865812,1,5853573
5865811,1,5853572
5864795,1,5853536
5861695,1,5853366
5861682,1,5853353
5860606,1,5853290
5860599,1,5853283
5860569,1,5853253
5860562,1,5853246
5866861,1,5852600
5866853,1,5852592
5866852,1,5852591
5866851,1,5852590
5865776,1,5852556
5865765,1,5852545
5864693,1,5852453
5865689,1,5851488
5865681,1,5851480
5865679,1,5851478
5865678,1,5851477
5865674,1,5851473
5865673,1,5851472
5860424,1,5851150
5859391,1,5851119
5866773,1,5850550
5866772,1,5850549
5866770,1,5850548
5866733,1,5850511
5867044,1,5839048
5864942,1,5838973
5864935,1,5838966
5864932,1,5838963
5864930,1,5838961
5864913,1,5838944
5864912,1,5838943
5864906,1,5838937
5864899,1,5838930
5864897,1,5838928
5864893,1,5838924
5860738,1,5838709
5860728,1,5838699
5860724,1,5838695
5860722,1,5838693
5860721,1,5838692
5860720,1,5838691
5860704,1,5838675
5860703,1,5838674
5860694,1,5838665
5860693,1,5838664
5859679,1,5838659
5859669,1,5838650
5859659,1,5838640
5859637,1,5838618
5859636,1,5838617
5859630,7,5838611
5859627,1,5838608
5859618,1,5838599
5867031,1,5838058
5867017,1,5838044
5867010,1,5838037
5867006,1,5838033
5867005,1,5838032
5867004,1,5838031
5867003,1,5838030
5867002,1,5838029
5866992,1,5838019
5866991,1,5838018
5866990,1,5838017
5866988,1,5838015
5865979,1,5837985
5865943,1,5837949
5865934,1,5837940
5864874,1,5837926
5864857,1,5837909
5864855,1,5837907
5861743,1,5837724
5861735,1,5837716
5861729,1,5837710
5861728,1,5837709
5861719,1,5837700
5861708,1,5837689
5861706,1,5837687
5861701,1,5837682
5860678,1,5837672
5860672,1,5837666
5860671,1,5837665
5860668,1,5837662
5860647,1,5837641
5860625,1,5837619
5859614,1,5837615
5859611,1,5837612
5859572,1,5837574
5866968,1,5837019
5865917,1,5836944
5833221,1,5819330
5833217,1,5819326
5832191,1,5819296
5832188,1,5819293
5832177,1,5819282
5832176,1,5819281
5832160,1,5819265
5831202,1,5819240
5830199,1,5819176
5830191,1,5819168
5830156,1,5819133
5841748,1,5818839
5841700,1,5818791
5850037,1,6038086
5853169,1,6038072
5847757,1,6038066
5841625,1,6038024
5845538,1,6037561
5845472,1,6037074
5856939,1,6037036
5857914,1,6036551
5852585,1,6036514
5840440,2,5815582
5839405,1,5815553
5839394,1,5815542
5839381,1,5815529
5839354,1,5815502
5838337,1,5815491
5834059,1,5815229
5834023,1,5815193
5834022,1,5815192
5834018,1,5815188
5834016,1,5815186
5832998,1,5815169
5832997,1,5815168
5832960,1,5815132
5832959,1,5815131
5832958,1,5815130
5832957,1,5815129
5832944,1,5815116
5841478,1,5814629
5840400,1,5814557
5839325,1,5814488
5839305,1,5814468
5838250,1,5814419
5838215,1,5814384
5838214,1,5814383
5836131,1,5814314
5833999,1,5814183
5833946,1,5814131
5832910,1,5814099
5832909,1,5814098
5832894,1,5814083
5832889,1,5814078
5831863,1,5814043
5831853,1,5814033
5831820,1,5814000
5831812,1,5813992
5830829,1,5813947
5841407,1,5813574
5840326,1,5813499
5839270,1,5813449
5839269,1,5813448
5839267,1,5813446
5838338,1,5815492
5838336,1,5815490
5838327,1,5815481
5838323,1,5815477
5838306,1,5815460
5838279,1,5815433
5837220,1,5815383
5836144,1,5815312
5834064,1,5815233
5834061,1,5815231
5834060,1,5815230
5834048,1,5815218
5834047,1,5815217
5834040,1,5815210
5834032,1,5815202
5834031,1,5815201
5834017,1,5815187
5834015,1,5815185
5834010,1,5815180
5834003,1,5815173
5832994,1,5815166
5832989,1,5815161
5832986,1,5815158
5832985,1,5815157
5832981,1,5815153
5832971,1,5815143
5832968,1,5815140
5831933,1,5815097
5831915,1,5815079
5831914,1,5815078
5831912,1,5815076
5830914,1,5815015
5866726,1,5850504
5866725,1,5850503
5866722,1,5850500
5864618,1,5850419
5864604,1,5850405
5864602,1,5850403
5866675,1,5849475
5866669,1,5849469
5866665,1,5849465
5865595,1,5849436
5865563,1,5849404
5861371,1,5849133
5860351,1,5849121
5866644,1,5848463
5866643,1,5848462
5866632,1,5848452
5866630,1,5848450
5866583,1,5848403
5865481,1,5848343
5864465,1,5848304
5864462,1,5848301
5864454,1,5848293
5860261,1,5848051
5866580,1,5847416
5866559,1,5847396
5866544,1,5847381
5866543,1,5847380
5866530,1,5847367
5865428,1,5847310
5864424,1,5847282
5864423,1,5847281
5861290,1,5847093
5861253,1,5847057
5860205,1,5847016
5860181,1,5846992
5866504,1,5846360
5866503,1,5846359
5866498,1,5846354
5866497,1,5846353
5866482,1,5846338
5866481,1,5846337
5866477,1,5846333
5865394,1,5846295
5865368,1,5846269
5865367,1,5846268
5865366,1,5846267
5864341,1,5846218
5861176,1,5846002
5861175,1,5846001
5867453,1,5845329
5867452,1,5845328
5866442,1,5845318
5866433,1,5845309
5866410,1,5845286
5866395,1,5845271
5865317,1,5845239
5865279,1,5845201
5864262,1,5845160
5861157,1,5845005
5861155,1,5845003
5861154,1,5845002
5861126,1,5844975
5858965,1,5844809
5867450,1,5844349
5867449,1,5844348
5867431,1,5844331
5867421,1,5844321
5866376,1,5844273
5866372,1,5844269
5866371,1,5844268
5866352,1,5844249
5866351,1,5844248
5840688,1,5818783
5840670,1,5818766
5840668,1,5818764
5840667,1,5818763
5840664,1,5818760
5840648,1,5818744
5840646,1,5818742
5840645,1,5818741
5840639,1,5818735
5839611,1,5818713
5839605,1,5818707
5839602,1,5818704
5839589,1,5818691
5839580,1,5818682
5839572,1,5818674
5839568,1,5818670
5839564,1,5818666
5839561,1,5818663
5838529,1,5818637
5838521,1,5818629
5838520,1,5818628
5838516,1,5818624
5838515,1,5818623
5838497,1,5818605
5838495,1,5818603
5838492,1,5818600
5837463,1,5818579
5837446,1,5818562
5837445,1,5818561
5834260,1,5818386
5834252,1,5818378
5834246,1,5818372
5834230,1,5818356
5834229,1,5818355
5834226,1,5818352
5834221,1,5818347
5834220,1,5818346
5834219,1,5818345
5834208,1,5818334
5834202,1,5818328
5834201,1,5818327
5833200,1,5818324
5833188,1,5818313
5833150,1,5818275
5833149,1,5818274
5832125,1,5818245
5832108,1,5818228
5832107,1,5818227
5832087,1,5818207
5830129,1,5818122
5830128,1,5818121
5839238,1,5813417
5839217,1,5813396
5838182,1,5813367
5834965,1,5813166
5833890,1,5813090
5833882,1,5813082
5833878,1,5813078
5833877,1,5813077
5832865,1,5813069
5832864,1,5813068
5832863,1,5813067
5832838,1,5813043
5832837,1,5813042
5832836,1,5813041
5832805,1,5813010
5832800,1,5813005
5830769,1,5812903
5840288,1,5812478
5839216,1,5812412
5839215,1,5812411
5839168,1,5812365
5839158,1,5812355
5838109,1,5812312
5838108,1,5812311
5834875,1,5812093
5834874,1,5812092
5833851,1,5812067
5833848,1,5812064
5833835,1,5812051
5833833,1,5812049
5832788,1,5812010
5832779,1,5812001
5831698,1,5811909
5830702,1,5811853
5830673,1,5811824
5841287,1,5811491
5841239,1,5811443
5840160,1,5811370
5838060,1,5811282
5838013,1,5811235
5836973,1,5811204
5834814,1,5811051
5833759,1,5810993
5841206,1,5810425
5841202,1,5810421
5841164,1,5810383
5840102,1,5810327
5840099,1,5810324
5837974,1,5810211
5837973,1,5810210
5837972,1,5810209
5837964,1,5810201
5836899,1,5810144
5834795,1,5810047
5834736,1,5809988
5833726,1,5809976
5833680,1,5809930
5830593,1,5809775
5830557,1,5809739
5830542,1,5809724
5841120,1,5809355
5841100,1,5809335
5839004,1,5809251
5839003,1,5809250
5838955,1,5809202
5837924,1,5809177
5837919,1,5809172
5837891,1,5809144
5837890,1,5809143
5837878,1,5809131
5841483,1,5814634
5841477,1,5814628
5841475,1,5814626
5841474,1,5814625
5841470,1,5814621
5841454,1,5814605
5841452,1,5814603
5841449,1,5814600
5841434,1,5814585
5841433,1,5814584
5841432,1,5814583
5841431,1,5814582
5841428,1,5814579
5840417,1,5814574
5840393,1,5814550
5839338,1,5814501
5839328,1,5814491
5839321,1,5814484
5839288,1,5814451
5838270,1,5814439
5838265,1,5814434
5838264,3,5814433
5838255,1,5814424
5838252,1,5814421
5838245,1,5814414
5838244,1,5814413
5838236,1,5814405
5838229,1,5814398
5838225,1,5814394
5838221,1,5814390
5837198,1,5814376
5833996,1,5814181
5833995,1,5814180
5833974,1,5814159
5833967,1,5814152
5833966,1,5814151
5833955,1,5814140
5833952,1,5814137
5833944,1,5814129
5832921,1,5814110
5832912,1,5814101
5832911,1,5814100
5832890,1,5814079
5831869,1,5814049
5831868,1,5814048
5831852,1,5814032
5831840,1,5814020
5831834,1,5814014
5830856,1,5813974
5830811,1,5813929
5830809,1,5813927
5858616,1,5869699
5858615,3,5869698
5858607,1,5869690
5858595,1,5869678
5858574,1,5869657
5858571,1,5869654
5857582,1,5869641
5857576,1,5869635
5857575,1,5869634
5857545,1,5869604
5857544,1,5869603
5856548,1,5869583
5856541,1,5869576
5856538,1,5869573
5856537,1,5869572
5856520,1,5869555
5856499,1,5869534
5856495,1,5869530
5855505,1,5869516
5855494,1,5869505
5855482,1,5869493
5855480,1,5869491
5855479,1,5869490
5855473,1,5869484
5855461,1,5869472
5855456,1,5869467
5855454,1,5869465
5855451,1,5869462
5854459,1,5869446
5854455,1,5869442
5854429,1,5869416
5853428,1,5869391
5853420,1,5869383
5853396,1,5869359
5853370,1,5869333
5850233,1,5869193
5850219,1,5869180
5850202,1,5869163
5850195,1,5869156
5847997,7,5869044
5847969,1,5869016
5845925,1,5868931
5845918,1,5868924
5845910,1,5868916
5864290,1,5845188
5864267,1,5845165
5864266,1,5845164
5864265,1,5845163
5864246,1,5845144
5864236,1,5845134
5861151,1,5845000
5861145,1,5844994
5861138,1,5844987
5861132,1,5844981
5861127,1,5844976
5861125,1,5844974
5861121,1,5844970
5861118,1,5844967
5861110,1,5844959
5861108,1,5844957
5861106,1,5844955
5861101,1,5844950
5861091,1,5844940
5860082,1,5844937
5860079,1,5844934
5860063,1,5844919
5860055,1,5844911
5860054,1,5844910
5860053,1,5844909
5860049,1,5844905
5860046,1,5844902
5860044,1,5844900
5860032,1,5844888
5860018,1,5844874
5859021,1,5844865
5859014,7,5844858
5858995,1,5844839
5858982,1,5844826
5867448,1,5844347
5867444,1,5844344
5867439,1,5844339
5867438,1,5844338
5867434,1,5844334
5845905,1,5868911
5845896,1,5868902
5845895,1,5868901
5845894,1,5868900
5845890,1,5868896
5845889,1,5868895
5844884,1,5868872
5844882,1,5868871
5844865,1,5868854
5844860,3,5868849
5844854,1,5868843
5844853,1,5868842
5844844,1,5868833
5844832,1,5868821
5843835,1,5868800
5843828,1,5868793
5843810,1,5868775
5843809,1,5868774
5843807,1,5868772
5842801,1,5868742
5842792,1,5868733
5858567,1,5868681
5858560,1,5868675
5858549,1,5868664
5858526,1,5868641
5858505,1,5868620
5857521,1,5868612
5857509,1,5868600
5857508,1,5868599
5857481,1,5868572
5856482,1,5868549
5856464,1,5868531
5856462,1,5868529
5856443,1,5868510
5856434,1,5868501
5856429,1,5868496
5856428,1,5868495
5856426,1,5868493
5855449,1,5868491
5855433,1,5868476
5855432,1,5868475
5855430,1,5868473
5855428,7,5868471
5855425,1,5868468
5855410,1,5868453
5855409,1,5868452
5855397,1,5868440
5855391,1,5868434
5855388,1,5868431
5854401,1,5868420
5854392,1,5868411
5854386,1,5868405
5854380,1,5868399
5854372,1,5868391
5853366,1,5868360
5853359,1,5868354
5853358,1,5868353
5853336,1,5868331
5853319,1,5868314
5852280,1,5868255
5848975,1,5868061
5848953,1,5868039
5848950,1,5868036
5847942,1,5868022
5847934,1,5868014
5847912,1,5867992
5847911,1,5867991
5846886,1,5867941
5845868,1,5867906
5845855,1,5867894
5845854,1,5867893
5854006,1,5862212
5860818,1,5839770
5866677,1,5849477
5859580,1,5837582
5835296,1,5818421
5836793,1,5808072
5853424,1,5869387
5855408,1,5868451
5854317,1,5867369
5853302,1,5867329
5846757,1,5865876
5847712,1,5864887
5857151,1,5863398
5852997,1,5863148
5852996,1,5863147
5853983,1,5862189
5847426,1,5859761
5857858,1,5858290
5855786,1,5858170
5848242,1,5856692
5855652,1,5856097
5853629,1,5856025
5857697,1,5855218
5848139,1,5854650
5855525,1,5854030
5859449,1,5852157
5832104,1,5818224
5838374,1,5816514
5841531,1,5815667
5831891,1,5815055
5841422,1,5813589
5831783,1,5812978
5841325,1,5812510
5831554,1,5809797
5831552,1,5809795
5837884,1,5809137
5833647,1,5808913
5833598,1,5807881
5838760,1,5806058
5839790,1,5805101
5837575,1,5803916
5839143,1,5811359
5833102,1,5817244
5832966,1,5815138
5833397,1,5804732
5861647,1,5853318
5862679,1,5853373
5862097,1,5843967
5836239,1,5816393
5838341,1,5815495
5837227,1,5815390
5837226,3,5815389
5837223,3,5815386
5835121,1,5815292
5835074,1,5815245
5835066,1,5815237
5834056,1,5815226
5834049,1,5815219
5839341,1,5814504
5838263,7,5814432
5835052,1,5814238
5835049,1,5814235
5835041,1,5814227
5835010,1,5814196
5835009,1,5814195
5835007,1,5814193
5833985,1,5814170
5833982,1,5814167
5839249,1,5813428
5838151,1,5813336
5834955,1,5813156
5834952,7,5813153
5831798,1,5812993
5839174,1,5812371
5835976,7,5812193
5833836,1,5812052
5833774,1,5811008
5833758,1,5810992
5839081,1,5810311
5839058,1,5810289
5837999,7,5810236
5836929,1,5810174
5840030,1,5809271
5838964,1,5809211
5838893,1,5808158
5837836,1,5808107
5834627,1,5807913
5838862,1,5807144
5837808,7,5807095
5837747,1,5807035
5842001,1,5806286
5841998,7,5806283
5841898,3,5805201
5834452,1,5804791
5834450,1,5804789
5841867,7,5804187
5839721,1,5804050
5837554,7,5803895
5833264,1,5819373
5833262,1,5819371
5833187,1,5818312
5833097,1,5817239
5833060,1,5816218
5833024,1,5816182
5833393,1,5804728
5833361,1,5804696
5833320,1,5803673
5833293,1,5803646
5847000,1,5869990
5845995,1,5869969
5844946,1,5869903
5843899,1,5869832
5843898,1,5869831
5858593,1,5869676
5855474,1,5869485
5854465,1,5869452
5846937,1,5868959
5846934,1,5868956
5844831,1,5868820
5855439,1,5868482
5853364,1,5868359
5844819,3,5867840
5858502,3,5867649
5858502,7,6060843
5858491,1,5867639
5856391,1,5867491
5855365,3,5867441
5853274,1,5867302
5848901,7,5867023
5844710,7,5866764
5858409,8,5866589
5858378,1,5866558
5856359,1,5866490
5856351,1,5866483
5856321,1,5866453
5855278,1,5866386
5853195,1,5866255
5847774,7,5865918
5844632,1,5865718
5842558,7,5865596
5854170,1,5865286
5853155,1,5865247
5849968,1,5865063
5849957,1,5865052
5848767,1,5864960
5847718,7,5864893
5858285,1,5864527
5856168,7,5864362
5853100,1,5864222
5853049,1,5864171
5843475,7,5863596
5858225,1,5863496
5856118,1,5863341
5853010,7,5863161
5847573,6,5862808
5858131,1,5862433
5858129,1,5862431
5856091,7,5862345
5852918,1,5862100
5851869,1,5862048
5851868,1,5862047
5851859,1,5862038
5848545,1,5861838
5846509,1,5861753
5845476,1,5861705
5857060,1,5861371
5857048,1,5861359
5847459,1,5860761
5846425,1,5860703
5858041,7,5860409
5856945,3,5860289
5854885,7,5860181
5854874,7,5860170
5853847,7,5860119
5852811,1,5860059
5849566,1,5859835
5842177,7,5859404
5860948,1,5841861
5840537,1,5816665
5835079,1,5815250
5835952,1,5812169
5841909,3,5805212
5835402,1,5803756
5846358,1,5859670
5842172,1,5859399
5857933,1,5859333
5856944,1,5859319
5855876,1,5859228
5854828,1,5859156
5853811,1,5859115
5853777,1,5859081
5851707,1,5858987
5851695,1,5858975
5850589,7,5858876
5847341,1,5858708
5846300,8,5858645
5842117,1,5858377
5860735,1,5838706
5856878,7,5858285
5855839,7,5858222
5855775,1,5858159
5854788,7,5858148
5852689,8,5858001
5850540,23,5857860
5850515,7,5857835
5850514,5,5857834
5848331,7,5857752
5844135,3,5857473
5844111,1,5857449
5844110,1,5857448
5857807,1,5857268
5855741,1,5857154
5853661,1,5857026
5852644,7,5856985
5844075,1,5856442
5843038,1,5856381
5857772,1,5856265
5855689,1,5856134
5853574,7,5855971
5850439,1,5855825
5848175,7,5855657
5855640,1,5855112
5854577,1,5855026
5850348,1,5854767
5850340,3,5854759
5848148,1,5854658
5848127,7,5854638
5844991,3,5854443
5844986,1,5854438
5844980,1,5854432
5856609,7,5854138
5854486,1,5853967
5861624,1,5852316
5861584,8,5852276
5859480,1,5852188
5859478,1,5852186
5864654,1,5851435
5860477,1,5851203
5860475,1,5851201
5859408,1,5851136
5859361,1,5851089
5860409,7,5850157
5860403,1,5850151
5859348,1,5850096
5859318,1,5850066
5859317,1,5850065
5859298,1,5850046
5859297,1,5850045
5866676,1,5849476
5860321,1,5849092
5860313,1,5849084
5866602,8,5848422
5865504,1,5848366
5864488,1,5848327
5859175,1,5847961
5859174,1,5847960
5861267,1,5847071
5861266,1,5847070
5861265,3,5847069
5859154,1,5846959
5859145,1,5846950
5859127,1,5846932
5859106,1,5846911
5859105,1,5846910
5859104,1,5846909
5867539,1,5846391
5861159,1,5845985
5860098,1,5845931
5859066,1,5845891
5859064,1,5845889
5859034,1,5845859
5864280,1,5845178
5861112,1,5844961
5861094,1,5844943
5858973,1,5844817
5867405,1,5844305
5861042,1,5843913
5858962,1,5843824
5858918,1,5843781
5867346,1,5843269
5867345,1,5843268
5867315,1,5843238
5864113,1,5843051
5858878,1,5842761
5858841,1,5842724
5858840,1,5842723
5858839,1,5842722
5866196,7,5842131
5865103,1,5842083
5860949,1,5841862
5860908,1,5841821
5842057,1,5841703
5866139,3,5841089
5865059,1,5841054
5860854,1,5840785
5860851,1,5840782
5859781,1,5840726
5859760,1,5840705
5866065,6,5840033
5859686,1,5839651
5867105,1,5839108
5867104,1,5839107
5867077,1,5839081
5867061,1,5839065
5861086,1,6042907
5850192,1,5869153
5846931,1,5868953
5857513,1,5868604
5859291,1,5850039
5860987,1,5842880
5859592,1,5837594
5864923,1,5838954
5864889,1,5838920
5859655,1,5838636
5859633,1,5838614
5866981,1,5838008
5864871,1,5837923
5860676,1,5837670
5860652,1,5837646
5866509,2,5846365
5834594,3,5806896
5841954,22,6043908
5834459,1,6043899
5833266,1,5819374
5833177,1,5818302
5833139,1,5818264
5833030,1,5816188
5832984,1,5815156
5833395,1,5804730
5833381,1,5804716
5831978,1,5816129
5830796,1,5812930
5830783,1,5812917
5849131,7,5870145
5849112,1,5870126
5856493,1,5869528
5852359,5,5869300
5851253,3,5869201
5850180,1,5869141
5850178,1,5869139
5850177,1,5869138
5850176,1,5869137
5849027,1,5869076
5845906,1,5868912
5858548,7,5868663
5852314,7,5868289
5850161,1,5868156
5848994,1,5868080
5858475,1,5867623
5852234,22,5867244
5852198,3,5867208
5851165,3,5867181
5851164,7,5867180
5851134,7,5867150
5845797,7,5866868
5845775,3,5866846
5858412,1,5866592
5852161,3,5866206
5846760,7,5865879
5846759,7,5865878
5846756,1,5865875
5852118,22,5865197
5852096,7,5865176
5851050,3,5865133
5849928,1,5865023
5858247,1,5864489
5852049,22,5864161
5852049,3,6060838
5852046,1,5864159
5850968,8,5864084
5849894,1,5864021
5849886,1,5864013
5849872,1,5863999
5847672,1,5863876
5846646,7,5863825
5846621,1,5863800
5851954,3,5863100
5851954,22,6060836
5851943,7,5863089
5851937,22,5863083
5851934,22,5863080
5850893,8,5863041
5849779,1,5862939
5848657,7,5862916
5846585,1,5862795
5846535,1,5862745
5857113,7,5862391
5849713,8,5861909
5850736,7,5860953
5850736,8,6060834
5850706,8,5859958
5850698,3,5859950
5850695,7,5859947
5850694,7,5859946
5850684,5,5859936
5849613,1,5859882
5849543,1,5858847
5852702,7,5858014
5850951,1,5864067
5842181,1,5859408
5840704,1,5819785
5838488,1,5818596
5835215,1,5817357
5837022,1,5812234
5835973,1,5812190
5841179,1,5810398
5836780,1,5808059
5840989,1,5807259
5840966,1,5807236
5839936,1,5807212
5839896,1,5807172
5838792,1,5806090
5841895,1,5805198
5838945,1,6044436
5831406,1,6044407
5859350,1,6043960
5844948,1,6038684
5839682,1,6038613
5830133,1,6038050
5831071,1,6038031
5858239,1,6037574
5852910,1,6037065
5854859,1,6037034
5834863,1,6036981
5852650,1,6036530
5858419,1,5866599
5857361,1,5866517
5856315,1,5866447
5854091,1,5864237
5854082,1,5863256
5854042,1,5863217
5856871,1,5858279
5863888,1,5838895
5837241,1,5815404
5835788,1,5809054
5841062,1,5808315
5839961,1,5808220
5838761,1,5806059
5839812,1,5805123
5839751,1,5804079
5835933,1,6036983
5831679,1,5811890
5830708,1,5811859
5831678,1,5810904
5831677,1,5810903
5831676,1,5810902
5830644,1,5810811
5831495,1,5808757
5831477,1,5808739
5831431,1,5807711
5831430,1,5807710
5833502,1,5806801
5831372,1,5806668
5831287,1,5805601
5831282,1,5805596
5830277,1,5805530
5833341,1,5804676
5831268,1,5804599
5831259,1,5804590
5831239,1,5804570
5830259,1,5804529
5832232,1,5803582
5840142,1,5810367
5835421,1,5803775
5850231,1,6038672
5850228,1,5869189
5850223,1,5869184
5850216,1,5869177
5844813,1,5867835
5842717,1,5867691
5844662,1,5865748
5856235,1,5865399
5848527,1,5860853
5850629,1,5858916
5850622,1,5858909
5850621,1,5858908
5850620,1,5858907
5850616,1,5858903
5850615,1,5858902
5850598,1,5858885
5844219,1,5858526
5850552,1,5857872
5850541,1,5857861
5849439,1,5857776
5850467,1,5856819
5850433,1,5855820
5850414,1,5855801
5850279,1,5853731
5861613,1,5852305
5861598,7,5852290
5861322,1,5848104
5866496,1,5846352
5859030,1,5845855
5859029,1,5844872
5860012,1,5843890
5860986,1,5842879
5860985,1,5842878
5860984,1,5842877
5850171,1,6038656
5835390,3,6038607
5837553,8,5803894
5849956,1,5865051
5845470,1,5861700
5846363,1,5859675
5866623,1,5848443
5865228,1,5844170
5841732,1,5818823
5839128,1,5811344
5839043,1,5810274
5839827,1,5806119
5834372,1,5803728
5845988,1,5869962
5844935,1,5869892
5844929,1,5869886
5844920,1,5869877
5844901,1,5869858
5844897,1,5869854
5844893,1,5869850
5843906,1,5869839
5857583,1,5869642
5857580,1,5869639
5857557,1,5869616
5856530,1,5869565
5856529,1,5869564
5856528,1,5869563
5856527,1,5869562
5855509,1,5869520
5855481,1,5869492
5854451,1,5869438
5853432,1,5869394
5853409,1,5869372
5853400,1,5869363
5860252,1,5848042
5840626,1,5818722
5838544,1,5818651
5834853,1,5811090
5837901,1,5809154
5834706,1,5808974
5841844,1,5804164
5836693,1,5806989
5837013,1,5812225
5863706,1,5852443
5863373,1,5847207
5830799,1,5812933
5849470,1,5857807
5849469,1,5857806
5849468,1,5857805
5853099,1,5864221
5844575,1,5864691
5843213,1,5859464
5834179,1,5817321
5838346,1,5816486
5837998,1,5810235
5849362,1,5856731
5853576,1,5855973
5851502,7,5855880
5854588,7,5855037
5854588,8,6060828
5854551,1,5855000
5851391,3,5854799
5858697,22,5854273
5855538,3,5854043
5852445,7,5853878
5851379,8,5853819
5849197,7,5853669
5861687,7,5853358
5861685,3,5853356
5861666,7,5853337
5860513,1,5852217
5860508,7,5852212
5864659,1,5851440
5864479,1,5848318
5864478,1,5848317
5867470,4,5845346
5859938,1,5842841
5865119,1,5842099
5864998,1,5840012
5860706,1,5838677
5860697,7,5838668
5861740,8,5837721
5861739,3,5837720
5861725,7,5837706
5861720,22,5837701
5861717,22,5837698
5860683,8,5837676
5837481,7,5819580
5836462,1,5819566
5840683,2,5818779
5837469,3,5818585
5836338,7,5818459
5841567,1,5816689
5840374,1,5814531
5839272,1,5813451
5835822,7,5810073
5834745,3,5809997
5835769,7,5809035
5834726,1,5808994
5836751,3,5808030
5836676,1,5806972
5834550,1,5806853
5832443,7,5806744
5840944,1,5806230
5834529,22,5805849
5830271,3,5805524
5832320,1,5804653
5836512,1,5803861
5863065,1,6042402
5857437,1,5867561
5863155,1,5844049
5861753,1,5837734
5831004,1,5816091
5833799,1,5811032
5830367,1,5806602
5836110,1,5814294
5841267,1,5811471
5836801,1,5808079
5835535,1,5805852
5836558,1,5804889
5836773,1,5808052
5830454,1,5807673
5837582,1,5803923
5837581,1,5803922
5837580,1,5803921
5837579,1,5803920
5833326,1,5803679
5860007,1,5843886
5832933,1,6037506
5847926,1,5868006
5844786,1,5867808
5842716,1,5867690
5844364,1,5860605
5850603,1,5858890
5844224,1,5858531
5850569,1,5857889
5858685,1,5854262
5854485,1,5853966
5865853,1,5853614
5866776,1,5850553
5866769,1,5850547
5861304,1,5848086
5861234,1,5847038
5861164,1,5845990
5866413,1,5845289
5861003,1,5842896
5858882,1,5842765
5858874,1,5842757
5858873,1,5842756
5840654,1,5818750
5839614,1,5818716
5840544,1,5816672
5856124,7,5863347
5856124,8,6060837
5842133,7,5858393
5859404,1,5851132
5860265,1,5848055
5840614,1,5817726
5835861,8,5810111
5841879,22,5804199
5860974,1,5842867
5860977,1,5842870
5833252,1,5819361
5833219,1,5819328
5833212,1,5819321
5833123,1,5817265
5833033,1,5816191
5833396,1,5804731
5833383,1,5804718
5833382,1,5804717
5833369,1,5804704
5833357,1,5804692
5837791,1,5807079
5834583,1,5806886
5832460,1,5806761
5832454,1,5806755
5832452,1,5806753
5832427,1,5806728
5862702,1,5853396
5835149,1,5816307
5836050,1,5813250
5846938,1,5868960
5844872,1,5868861
5844863,1,5868852
5855951,1,5860271
5845124,1,5856515
5845102,1,5856493
5845040,1,5855463
5857710,1,5855231
5845012,1,5854464
5859214,1,5848000
5860206,1,5847017
5860686,1,5837679
5831181,1,5819219
5830198,1,5819175
5830142,1,5819119
5831119,1,5818173
5831112,1,5818166
5831111,1,5818165
5833090,1,5817232
5831979,1,5816130
5831404,1,5806700
5831365,1,5806661
5842019,1,5806304
5840957,1,5806242
5839836,1,5806128
5838798,7,5806096
5838777,1,5806075
5838772,1,5806070
5837710,1,5806014
5836625,1,5805937
5833467,1,5805783
5833414,1,5805731
5833413,1,5805730
5833412,1,5805729
5832386,1,5805703
5830327,1,5805580
5840852,1,5805157
5839811,1,5805122
5839754,1,5805065
5838741,1,5805058
5838706,1,5805023
5837615,1,5804938
5834447,1,5804786
5833371,1,5804706
5832280,1,5804613
5831212,1,5804543
5831209,1,5804540
5840816,1,5804139
5839716,1,5804045
5839686,1,5804015
5838620,1,5803955
5837605,1,5803946
5835452,1,5803806
5834388,1,5803744
5834366,1,5803722
5833276,1,5803629
5837335,7,5816483
5836500,1,5803849
5839449,1,5816583
5837163,1,5814342
5839248,1,5813427
5832782,1,5812004
5838936,1,5808201
5833309,1,5803662
5838310,1,5815464
5845020,1,5855443
5835610,1,5806911
5834563,1,5806866
5833533,1,5806832
5833440,1,5805757
5832317,1,5804650
5857026,1,5861337
5853686,1,5857051
5866572,1,5847409
5864366,1,5847224
5866403,1,5845279
5859008,1,5844852
5849750,1,5861946
5862543,1,5850296
5863404,1,5848219
5855743,7,5857156
5866890,1,5852629
5866467,1,5846323
5858898,1,5842780
5866161,1,5841111
5835389,1,5819499
5837187,1,5814366
5847417,1,5859752
5867254,1,5842198
5836371,1,5818492
5836933,1,5810178
5835493,1,5804829
5866067,1,5840035
5866066,1,5840034
5859649,1,5838630
5867008,1,5838035
5864856,1,5837908
5838491,1,5818599
5836396,1,5818516
5836395,1,5818515
5836394,1,5818514
5836373,1,5818494
5840541,1,5816669
5836612,1,5805924
5839801,1,5805112
5850626,1,5858913
5855795,1,5858179
5860225,1,5848015
5844446,1,5862622
5844440,1,5862616
5844268,1,5859543
5856901,1,5859277
5855818,1,5858202
5853733,1,5858069
5853701,1,5858037
5855726,1,5857139
5847225,1,5856651
5855631,1,5855104
5858658,1,5854235
5859407,1,5851135
5858847,1,5842730
5860838,1,5840769
5859641,1,5838622
5866977,1,5838004
5859550,1,5837552
5856614,1,6044973
5853343,1,5868338
5853309,1,5868304
5842722,1,5867696
5842652,1,5866658
5842651,1,5866657
5843610,1,5865672
5843609,1,5865671
5843608,1,5865670
5858354,1,5865566
5855206,1,5865346
5858308,1,5864549
5855086,1,5863285
5853948,1,5861187
5842279,1,5860473
5852841,1,5860089
5844288,1,5859563
5857932,1,5859332
5847226,1,5856652
5847224,1,5856650
5844968,1,5854420
5855517,1,5854022
5855516,1,5854021
5853461,1,5853918
5865634,1,5850453
5860327,1,5849098
5866311,1,5843228
5859579,1,5837581
5837270,1,5815432
5832794,1,5812015
5866640,1,5848460
5866639,1,5848459
5853345,1,5868340
5853344,1,5868339
5859305,1,5850053
5830928,1,5815029
5841463,1,5814614
5838977,1,5809224
5840842,1,5805147
5835440,1,5803794
5841263,1,5811467
5855511,1,5869521
5854456,1,5869443
5854454,1,5869441
5848004,1,5869051
5848003,1,5869050
5847998,1,5869045
5857449,1,5867573
5857448,1,5867572
5853269,1,5867297
5853243,1,5867271
5842675,1,5866680
5857370,1,5866526
5856333,1,5866465
5856298,1,5866430
5856295,1,5866427
5854257,1,5866341
5854152,1,5865268
5855146,1,5864316
5855144,1,5864314
5858126,1,5862428
5857377,1,5866533
5858125,1,5862427
5858123,1,5862425
5853985,1,5862191
5847416,1,5859751
5853784,1,5859088
5852772,1,5859052
5856853,1,5858261
5856851,1,5858259
5856850,1,5858258
5854772,1,5858132
5845147,1,5856537
5857739,1,5856232
5854629,1,5856050
5855630,1,5855103
5854558,1,5855007
5854556,1,5855005
5854555,1,5855004
5852514,1,5854915
5858671,1,5854248
5857640,1,5854193
5854507,1,5853988
5854505,1,5853986
5853459,1,5853916
5866426,1,5845302
5859019,1,5844863
5859018,1,5844862
5865126,1,5842106
5839382,1,5815530
5842919,1,5854323
5842918,1,5854322
5856072,1,5862326
5855034,1,5862264
5856738,1,5856207
5846503,1,5861747
5835034,1,5814220
5848209,1,5855691
5867465,1,5845341
5839532,1,5817650
5838192,1,5813377
5853517,1,5854942
5852703,1,5858015
5860085,1,6042924
5862654,1,5852367
5862402,1,5848193
5863368,1,5847202
5862264,1,5846093
5863214,1,5845088
5863178,1,5844072
5863068,1,5842982
5848083,1,5870097
5848081,1,5870096
5848080,1,5870095
5848053,1,5870068
5848026,1,5870041
5848025,1,5870040
5848019,1,5869065
5848018,1,5869064
5847999,1,5869046
5857507,1,5868598
5857505,1,5868596
5857504,1,5868595
5857503,1,5868594
5857502,1,5868593
5857498,1,5868589
5857497,1,5868588
5857496,1,5868587
5857495,1,5868586
5857494,1,5868585
5857493,1,5868584
5857492,1,5868583
5857488,1,5868579
5860498,1,5852202
5860490,1,5852194
5860408,1,5850156
5860407,1,5850155
5860199,1,5847010
5860102,1,5845935
5860756,1,5839709
5860732,1,5838703
5860730,1,5838701
5860716,1,5838687
5836023,1,5813223
5834766,2,5810018
5834652,1,5807938
5834578,1,5806881
5839823,1,5806115
5854820,1,5859148
5863397,1,5848212
5863206,1,5845080
5857486,1,5868577
5857485,1,5868576
5857484,1,5868575
5843733,1,5867731
5855341,1,5867417
5855337,1,5867413
5854302,1,5867354
5857378,1,5866534
5857375,1,5866531
5857373,1,5866529
5857372,1,5866528
5857369,1,5866525
5857366,1,5866522
5857365,1,5866521
5857364,1,5866520
5857342,1,5866498
5847808,1,5865952
5853113,1,5865205
5858284,1,5864526
5855067,1,5863266
5848614,1,5862873
5847626,1,5862861
5847625,1,5862860
5847624,1,5862859
5847623,1,5862858
5847583,1,5862818
5847582,1,5862817
5853932,1,5861171
5848536,1,5860862
5848500,1,5860826
5848498,1,5860824
5848497,1,5860823
5856985,1,5860329
5853841,1,5860113
5853840,1,5860112
5853839,1,5860111
5853838,1,5860110
5853837,1,5860109
5848465,1,5859824
5848464,1,5859823
5848375,1,5858766
5848374,1,5858765
5848372,1,5858763
5847357,1,5858724
5853746,1,5858082
5853745,1,5858081
5853744,1,5858080
5853743,1,5858079
5853742,1,5858078
5848299,1,5857720
5847280,1,5857677
5847264,1,5857661
5848254,1,5856704
5848252,1,5856702
5848251,1,5856701
5848250,1,5856700
5848249,1,5856699
5852553,1,5855926
5848195,1,5855677
5848173,1,5855655
5848171,1,5855653
5848170,1,5855652
5848169,1,5855651
5855600,1,5855073
5848110,1,5854621
5853455,1,5853912
5853452,1,5853909
5859531,1,5853221
5859530,1,5853220
5866858,1,5852597
5865734,1,5851532
5864578,1,5850379
5866655,1,5849455
5840810,1,5804133
5857386,1,5866542
5848269,1,5856719
5843959,1,5854387
5857614,1,5854167
5844910,1,5869867
5858623,1,5869706
5856531,1,5869566
5854374,1,5868393
5843750,1,5867748
5856363,1,5867463
5842623,1,5866629
5842522,1,5864590
5857234,1,5864452
5855148,1,5864318
5843503,7,5863624
5856707,1,5856176
5835496,1,5804832
5839414,1,6037532
5841357,1,6037008
5845143,1,6036523
5850701,1,5859953
5836836,1,5809097
5862608,1,5851341
5849706,1,5861902
5854511,1,5853992
5836595,1,5804925
5849289,1,6044983
5834530,1,6044391
5858499,1,6038647
5847497,1,6037060
5850713,1,6037047
5848472,1,6037044
5853819,1,6037033
5846260,1,6036540
5855770,1,6036533
5830401,1,6044406
5830592,1,5809774
5832834,1,5813039
5832824,1,5813029
5832813,1,5813018
5840256,1,5812447
5838142,1,5812344
5837051,1,5812263
5837028,1,5812240
5837006,1,5812218
5835944,1,5812161
5832798,1,5812019
5832797,1,5812018
5832791,1,5812013
5832772,1,5811994
5832767,1,5811989
5832766,1,5811988
5832765,1,5811987
5832755,1,5811977
5832751,1,5811973
5832750,1,5811972
5832745,1,5811967
5832739,1,5811961
5841266,1,5811470
5838034,1,5811256
5838024,1,5811246
5835906,1,5811142
5835896,1,5811132
5834839,1,5811076
5832731,1,5810969
5832720,1,5810959
5832714,1,5810953
5832695,1,5810934
5832687,1,5810926
5832686,1,5810925
5832684,1,5810923
5832677,1,5810916
5841190,1,5810409
5836930,1,5810175
5836910,1,5810155
5835829,1,5810080
5833706,1,5809956
5832621,1,5809876
5830589,1,5809771
5830588,1,5809770
5830550,1,5809732
5841098,1,5809333
5840074,1,5809315
5838952,1,5809199
5835799,1,5809064
5835738,1,5809004
5832598,1,5808868
5841042,1,5808295
5841030,1,5808283
5839987,1,5808246
5839985,1,5808244
5839958,1,5808217
5832531,1,5807818
5832502,1,5807789
5830414,1,5807633
5841013,1,5807283
5840962,1,5807232
5836706,1,5807002
5836702,1,5806998
5834548,1,5806851
5834541,1,5806844
5832413,1,5806714
5832412,1,5806713
5836650,1,5805962
5836603,1,5805915
5834527,1,5805847
5834526,1,5805846
5834525,1,5805845
5834518,1,5805839
5834517,1,5805838
5833426,1,5805743
5832382,1,5805699
5832367,1,5805684
5830288,1,5805541
5840890,1,5805194
5840861,1,5805166
5836548,1,5804879
5835505,1,5804841
5835488,1,5804824
5835476,1,5804812
5832318,1,5804651
5854625,1,5856046
5863730,1,5853448
5862719,1,5853413
5863710,1,5852447
5862623,1,5852336
5863648,1,5851405
5863597,1,5851354
5860450,1,5851176
5862488,1,5850241
5863480,1,5849278
5862473,1,5849247
5863450,1,5848265
5863406,1,5848221
5862362,1,5848153
5863380,1,5847214
5863361,1,5847195
5863349,1,5847183
5863343,1,5847177
5863326,1,5847160
5862310,1,5847120
5862294,1,5847104
5862261,1,5846090
5862222,1,5846051
5863259,1,5845133
5863220,1,5845094
5863204,1,5845078
5862208,1,5845058
5862167,1,5845017
5862155,1,5844024
5862136,1,5844006
5862112,1,5843982
5862096,1,5843966
5863129,1,5843043
5863069,1,5842983
5861988,1,5841896
5862986,1,5840933
5862948,1,5840895
5861822,1,5838781
5861801,1,5838760
5861769,1,5838728
5863795,1,5837824
5862778,1,5837783
5862760,1,5837765
5831204,1,5819242
5830194,1,5819171
5830151,1,5819128
5830144,1,5819121
5830126,1,5818119
5831021,1,5817092
5831020,1,5817091
5830984,1,5816071
5830967,1,5816054
5831910,1,5815074
5830886,1,5814987
5830849,1,5813967
5830841,1,5813959
5830728,1,5811879
5830677,1,5811828
5830672,1,5810838
5830660,1,5810827
5830656,1,5810823
5830560,1,5809742
5831511,1,5808773
5831433,1,5807713
5830415,1,5807634
5831350,1,5806646
5830387,1,5806622
5830352,1,5806587
5831313,1,5805627
5831306,1,5805620
5830305,1,5805558
5835316,1,5818441
5835238,1,5817380
5835187,1,5816345
5836085,1,5814269
5837083,1,5813277
5835915,1,5811151
5836550,1,5804881
5848946,1,6038102
5835257,1,6038035
5837264,1,6037530
5836200,1,6037529
5849563,1,6037028
5832792,1,6036998
5850506,1,6036528
5837125,1,5813319
5857374,1,5866530
5863779,1,5853497
5862643,1,5852356
5862642,1,5852355
5862641,1,5852354
5862640,1,5852353
5862639,1,5852352
5862638,1,5852351
5862637,1,5852350
5862636,1,5852349
5862634,1,5852347
5862633,1,5852346
5862632,1,5852345
5862631,1,5852344
5863466,1,5849264
5863391,1,5848206
5862371,1,5848162
5862252,1,5846081
5861993,1,5841901
5863953,1,5839944
5863944,1,5839935
5863943,1,5839934
5863942,1,5839933
5863941,1,5839932
5863940,1,5839931
5863939,1,5839930
5863938,1,5839929
5863937,1,5839928
5863936,1,5839927
5863935,1,5839926
5863933,1,5839924
5846758,1,5865877
5858071,1,5861406
5857053,1,5861364
5856893,1,5859269
5856892,1,5859268
5855653,1,5856098
5855651,1,5856096
5836963,1,5811194
5836962,1,5811193
5836779,1,5808058
5857491,1,5868582
5852813,1,5860061
5854657,1,5856078
5864798,1,5853539
5866779,1,5851537
5866340,1,5844237
5866299,1,5843216
5835248,1,5817390
5837850,1,5808121
5863932,1,5839923
5863931,1,5839922
5863930,1,5839921
5862880,1,5839847
5862879,1,5839846
5862877,1,5839844
5862876,1,5839843
5862875,1,5839842
5862874,1,5839841
5859647,1,5838628
5861765,1,5837745
5861761,1,5837742
5861760,1,5837741
5861759,1,5837740
5861758,1,5837739
5835202,1,5817344
5860105,1,5845938
5860104,1,5845937
5860103,1,5845936
5851131,1,5867147
5851085,1,5866135
5847779,1,5865923
5845643,1,5864777
5845609,1,5864743
5850859,1,5863007
5847412,1,5859747
5847270,1,5857667
5858747,1,5855291
5866636,1,5848456
5861102,1,5844951
5860894,1,5841807
5836400,1,5818520
5835259,1,5817400
5837251,1,5815414
5830818,1,5813936
5838143,1,5812345
5831665,1,5810892
5831555,1,5809798
5839853,1,5806145
5832376,1,5805693
5832375,1,5805692
5832374,1,5805691
5838736,1,5805053
5859968,1,5843847
5860332,1,5849103
5859137,1,5846942
5859076,1,5845901
5865162,1,5843124
5858884,1,5842767
5859777,1,5840722
5866068,7,5840036
5859724,1,5839689
5840751,1,5819832
5840749,1,5819830
5840748,1,5819829
5838227,1,5814396
5839110,1,5811326
5838016,1,5811238
5838014,1,5811236
5834691,1,5808959
5837087,1,5813281
5835497,1,5804833
5844869,1,5868858
5844833,1,5868822
5842758,3,5868699
5853308,1,5868303
5853307,1,5868302
5844809,1,5867831
5844808,1,5867830
5842736,1,5867710
5842454,1,5863551
5842327,1,5861488
5863286,1,5846139
5862960,1,5840907
5862909,1,5839876
5862908,1,5839875
5862907,1,5839874
5862906,1,5839873
5862905,1,5839872
5862904,1,5839871
5862902,1,5839869
5862901,1,5839868
5844300,1,5859574
5843262,1,5859512
5852724,1,5859004
5856848,1,5858256
5855808,1,5858192
5844152,1,5857490
5843093,1,5857407
5845045,1,5855468
5843985,1,5855384
5842986,1,5855361
5855583,1,5855056
5859188,1,5847974
5866137,1,5841087
5838933,1,5808198
5859219,1,6043921
5837128,1,5813322
5833785,1,5811019
5836812,1,5809073
5837657,1,5804980
5848082,1,6038686
5855315,1,6038091
5848079,1,5870094
5848057,1,5870072
5855450,1,5869461
5863390,1,6043436
5857500,1,5868591
5856465,1,5868532
5856463,1,5868530
5855448,1,5868490
5854402,1,5868421
5853347,1,5868342
5853346,1,5868341
5853342,1,5868337
5853341,1,5868336
5853339,1,5868334
5853338,1,5868333
5853337,1,5868332
5853335,1,5868330
5854313,1,5867365
5854301,1,5867353
5853267,1,5867295
5853265,1,5867293
5853242,1,5867270
5847871,1,5866983
5857368,1,5866524
5857367,1,5866523
5857345,1,5866501
5854259,1,5866343
5854258,1,5866342
5853110,1,5865202
5853109,1,5864230
5853108,1,5864229
5853107,1,5864228
5858155,1,5862457
5858154,1,5862456
5853984,1,5862190
5848495,1,5860821
5858047,1,5860414
5858032,1,5860400
5858031,1,5860399
5855939,1,5860259
5855860,1,5859212
5848391,1,5858782
5856849,1,5858257
5852656,1,5857968
5852655,1,5857967
5854703,1,5857092
5852654,1,5856994
5848253,1,5856703
5847190,1,5856616
5856716,1,5856185
5856715,1,5856184
5854661,1,5856082
5854632,1,5856053
5853599,1,5855996
5852533,1,5855906
5848214,1,5855695
5848213,1,5855694
5847131,1,5855589
5857715,1,5855236
5854557,1,5855006
5854554,1,5855003
5853556,1,5854981
5852513,1,5854914
5852488,1,5854889
5854497,1,5853978
5853454,1,5853911
5852916,1,5862098
5863613,1,5851370
5862447,1,5849221
5859199,1,5847985
5863289,1,5846142
5862269,1,5846098
5862071,1,5842961
5861997,1,5841905
5833178,1,5818303
5833138,1,5818263
5831976,1,5816127
5831657,1,5810884
5837526,1,5819625
5837501,4,5819600
5838484,1,5818592
5838476,7,5817599
5835200,1,5817342
5831951,1,5816102
5835992,1,5812209
5831816,1,5813996
5836037,1,5813237
5852376,1,5869317
5830742,1,5812876
5843009,1,5856352
5854599,1,6044989
5831738,1,6036997
5849914,1,5865009
5846229,1,5857605
5849369,1,5856738
5861030,1,5843901
5861001,1,5842894
5858881,1,5842764
5867288,1,5842232
5859874,1,5841799
5859853,1,5841779
5859842,1,5841768
5866167,1,5841117
5859789,1,5840734
5859764,1,5840709
5859763,1,5840708
5859762,1,5840707
5859677,1,5838657
5859651,1,5838632
5859582,1,5837584
5859581,8,5837583
5833255,1,5819364
5833241,1,5819350
5833232,1,5819341
5833229,1,5819338
5833209,1,5819318
5833208,1,5819317
5833119,1,5817261
5833114,1,5817256
5833104,1,5817246
5833077,1,5817219
5833034,1,5816192
5833014,1,5816172
5837200,1,5814378
5837052,1,5812264
5837011,1,5812223
5849141,1,5870155
5849096,1,5870110
5847017,1,5870007
5847001,1,5869991
5845955,1,5869929
5845944,1,5869918
5857530,1,5869589
5850189,1,5869150
5848015,1,5869062
5846939,1,5868961
5843786,1,5868751
5855423,1,5868466
5854397,1,5868416
5850157,1,5868152
5845845,1,5867884
5844778,1,5867800
5843780,1,5867777
5842681,1,5867655
5842680,1,5867654
5858478,1,5867626
5858477,1,5867625
5855334,1,5867410
5851136,1,5867152
5846846,1,5866933
5846844,1,5866931
5846843,1,5866930
5846842,1,5866929
5846841,1,5866928
5846840,1,5866927
5846839,1,5866926
5846830,1,5866917
5844693,1,5866747
5848853,1,5866011
5846785,1,5865903
5846781,1,5865900
5845675,1,5865778
5844687,1,5865773
5844637,1,5865723
5843649,1,5865710
5842607,1,5865645
5852074,1,5865154
5846721,1,5864870
5846709,1,5864859
5846681,1,5864831
5846674,1,5864824
5846663,1,5864813
5845662,1,5864796
5845659,1,5864793
5858302,1,5864544
5858257,1,5864499
5847670,1,5863874
5847652,1,5863856
5846656,1,5863834
5846655,1,5863833
5846626,1,5863805
5844562,1,5863706
5843479,1,5863600
5843476,1,5863597
5842480,1,5863576
5849516,1,5858820
5849515,1,5858819
5848397,1,5858788
5843186,1,5858469
5843153,1,5858436
5857871,1,5858303
5857870,1,5858302
5857868,1,5858300
5853751,1,5858087
5852679,1,5857991
5849445,1,5857782
5849444,1,5857781
5848309,1,5857730
5844126,1,5857464
5849410,1,5856779
5843059,1,5856402
5843058,1,5856401
5843035,1,5856378
5854644,1,5856065
5849347,1,5855752
5849315,1,5855720
5849314,1,5855719
5848199,1,5855681
5855634,1,5855107
5852473,1,5854874
5849292,1,5854728
5848112,1,5854623
5842881,1,5854285
5856576,1,5854105
5851380,1,5853820
5849156,1,5853628
5861688,1,5853359
5866906,1,5852644
5864652,1,5851433
5861514,1,5851229
5861513,1,5851228
5861512,1,5851227
5866761,1,5850539
5864610,1,5850411
5860360,1,5850108
5861213,1,5846039
5861174,1,5846000
5867461,1,5845337
5867460,1,5845336
5864256,1,5845154
5861011,1,5842904
5860921,1,5841834
5860920,1,5841833
5860891,1,5841804
5865033,1,5841028
5865021,1,5841016
5866010,1,5838996
5865969,1,5837975
5860687,1,5837680
5866908,1,5836959
5840617,1,5817729
5837333,1,5816482
5837265,1,5815427
5831921,1,5815085
5832915,1,5814104
5832857,1,5813062
5846462,1,5861706
5855978,1,5861265
5842900,1,5854304
5846160,1,5856566
5849335,1,5855740
5846080,1,5855519
5846027,1,5854496
5853495,1,5853951
5859412,1,5851140
5859384,1,5851112
5865648,1,5850467
5859321,1,5850069
5859240,1,5849009
5865427,1,5847309
5860022,1,5844878
5859012,1,5844856
5859006,1,5844850
5858998,1,5844842
5861043,1,5843914
5842818,1,5869727
5842814,1,5869723
5853383,1,5869346
5842775,1,5868716
5842761,1,5868702
5844750,1,5866804
5843716,1,5866745
5842658,1,5866664
5842654,1,5866660
5842642,1,5866648
5842640,1,5866646
5844674,1,5865760
5843619,1,5865681
5842593,1,5865631
5854189,1,5865305
5854108,1,5864254
5843489,7,5863610
5842461,1,5863558
5851953,1,5863099
5849795,1,5862955
5848673,1,5862931
5848628,1,5862887
5848621,1,5862880
5846574,1,5862784
5842410,1,5862538
5842409,1,5862537
5851857,1,5862036
5849669,1,5860901
5848540,1,5860865
5847501,1,5860802
5847500,1,5860801
5847442,1,5860744
5844366,1,5860607
5843292,1,5860510
5843270,1,5860488
5842277,1,5860471
5842276,1,5860470
5855954,1,5860274
5849604,1,5859873
5849595,1,5859864
5849590,1,5859859
5849580,1,5859849
5855903,1,5859254
5850624,1,5858911
5861441,1,5850179
5860302,1,5849073
5866628,1,5848448
5864127,1,5843065
5867186,1,5841148
5831154,1,5819192
5841740,1,5818831
5831123,1,5818177
5839499,1,5817617
5831044,1,5817115
5834994,1,5813195
5833901,1,5813101
5837824,1,5808095
5831357,1,5806653
5837649,1,5804972
5831217,1,5804548
5832829,1,5813034
5832748,1,5811970
5832737,1,5811959
5836989,1,5811220
5836984,1,5811215
5836983,1,5811214
5836982,1,5811213
5833757,1,5810991
5832730,1,5810968
5832705,1,5810944
5832704,1,5810943
5832703,1,5810942
5832696,1,5810935
5831675,1,5810901
5832616,1,5809871
5832614,1,5809869
5841105,1,5809340
5836811,1,5809072
5831486,1,5808748
5831485,1,5808747
5832505,1,5807792
5832504,1,5807791
5832495,1,5807782
5841012,1,5807282
5858209,1,5863480
5844469,8,5862645
5844463,7,5862639
5843408,1,5862560
5856037,1,5862291
5846419,1,5860697
5844324,1,5860566
5843326,1,5860543
5842265,1,5860459
5854876,1,5860172
5844286,1,5859561
5852723,1,5859003
5843180,1,5858463
5843154,1,5858437
5843151,1,5858434
5856817,1,5858225
5854792,1,5858152
5852680,1,5857992
5852669,1,5857981
5852668,1,5857980
5852663,1,5857975
5844147,1,5857485
5843129,1,5857442
5843021,1,5856364
5844003,1,5855402
5842981,1,5855356
5852492,1,5854893
5833957,1,5814142
5833936,1,5814121
5831843,1,5814023
5833915,1,5813115
5833912,1,5813112
5833910,1,5813110
5833900,1,5813100
5833888,1,5813088
5833841,1,5812057
5831692,1,5811903
5839127,1,5811343
5837988,1,5810225
5837944,1,5810181
5832663,1,5809917
5834679,1,5808947
5839962,1,5808221
5831471,1,5807751
5836599,1,5804929
5832303,1,5804636
5837561,1,5803902
5833319,1,5803672
5841437,1,5814588
5840409,1,5814566
5840398,1,5814555
5839330,1,5814493
5832888,1,5814077
5832879,1,5814068
5832878,1,5814067
5831874,1,5814053
5840339,1,5813512
5838164,1,5813349
5834938,1,5813139
5832853,1,5813058
5832815,1,5813020
5841336,1,5812521
5841295,1,5812480
5838111,1,5812314
5835991,1,5812208
5834899,1,5812117
5834898,1,5812116
5832790,1,5812012
5832784,1,5812006
5832783,1,5812005
5831739,1,5811949
5841282,1,5811486
5841281,1,5811485
5835877,1,5811113
5835876,1,5811112
5835873,1,5811109
5835872,1,5811108
5830627,1,5810794
5841195,1,5810414
5840141,1,5810366
5840113,1,5810338
5834764,1,5810016
5834763,1,5810015
5832649,1,5809904
5840023,1,5809264
5837904,1,5809157
5832580,1,5808851
5842852,1,5869761
5855508,1,5869519
5854430,1,5869417
5853405,1,5869368
5843797,1,5868762
5842797,1,5868738
5858563,1,5868678
5858554,1,5868669
5854373,7,5868392
5854352,1,5868371
5844811,1,5867833
5843742,1,5867740
5842715,1,5867689
5857404,1,5867528
5856362,1,5867462
5853296,1,5867324
5853252,1,5867280
5850086,1,5867115
5844703,1,5866757
5854269,1,5866353
5843640,1,5865702
5856256,1,5865420
5856170,1,5864364
5855168,1,5864338
5848701,8,5863927
5848700,1,5863926
5845597,1,5863761
5844555,1,5863700
5844542,1,5863687
5843474,1,5863595
5858232,1,5863503
5857180,1,5863427
5856135,1,5863358
5855099,1,5863298
5854073,1,5863248
5854067,5,5863242
5832562,1,5808833
5832561,1,5808832
5832558,1,5808829
5832547,1,5808818
5830503,1,5808704
5841076,1,5808329
5834629,1,5807915
5834628,1,5807914
5832513,1,5807800
5832497,1,5807784
5832491,1,5807778
5832484,1,5807771
5831453,1,5807733
5831445,1,5807725
5830459,1,5807678
5830458,1,5807677
5830457,1,5807676
5834546,1,5806849
5832444,1,5806745
5832432,1,5806733
5832426,1,5806727
5832408,1,5806709
5831346,1,5806642
5830376,1,5806611
5854056,1,5863231
5854030,1,5863205
5852988,1,5863139
5842401,1,5862529
5842393,1,5862521
5858166,1,5862468
5856073,1,5862327
5853955,1,5862161
5852971,1,5862153
5852957,1,5862139
5843364,1,5861549
5857065,1,5861376
5855989,1,5861276
5847473,1,5860775
5855967,1,5860286
5855918,1,5860238
5854914,1,5860210
5846335,1,5859647
5844238,1,5859513
5857971,1,5859371
5855847,1,5859199
5855841,1,5859193
5854852,1,5859180
5852776,1,5859056
5849524,1,5858828
5843159,1,5858442
5857857,1,5858289
5856855,1,5858263
5856833,1,5858241
5855831,1,5858215
5853757,1,5858092
5852677,1,5857989
5837056,1,5812268
5837049,1,5812261
5832773,1,5811995
5832771,6,5811993
5836900,1,5810145
5836873,1,5810118
5830587,1,5809769
5830561,1,5809743
5837817,1,5808088
5835705,1,5807989
5840971,1,5807241
5837786,1,5807074
5837767,1,5807055
5835644,1,5806945
5840908,1,5806194
5835540,1,5805857
5835480,1,5804816
5832359,1,5805676
5832354,1,5805671
5830298,1,5805551
5838720,1,5805037
5832313,1,5804646
5832312,1,5804645
5832311,1,5804644
5831220,1,5804551
5831215,1,5804546
5839727,1,5804056
5846259,1,5857635
5856786,1,5857223
5853653,1,5857018
5850493,3,5856845
5844094,1,5856461
5844093,1,5856460
5843018,1,5856361
5858809,1,5856321
5856694,1,5856163
5855686,1,5856131
5848161,1,5855643
5844040,1,5855438
5842977,1,5855352
5857662,1,5855183
5857661,1,5855182
5855603,1,5855076
5857650,1,5854203
5857641,1,5854194
5861498,1,5851213
5865470,1,5847351
5867543,1,5846395
5867490,1,5845366
5859011,7,5844855
5867376,1,5843298
5867330,1,5843253
5867219,1,5841181
5867208,1,5841170
5864975,1,5839989
5860765,1,5839718
5865895,1,5836922
5844580,1,5864696
5856899,1,5859275
5855902,1,5859253
5845823,1,5867862
5860093,1,5845926
5832804,1,5813009
5858043,1,5860411
5857005,1,5860348
5855926,1,5860246
5854919,1,5860215
5844260,1,5859535
5856903,1,5859279
5855848,1,5859200
5854848,1,5859176
5853768,1,5859072
5852722,1,5859002
5857915,1,5858346
5855788,1,5858172
5853753,1,5858089
5853707,1,5858043
5853702,1,5858038
5855723,1,5857136
5854702,1,5857091
5852628,1,5856969
5843023,1,5856366
5857769,1,5856262
5856721,1,5856190
5856719,1,5856188
5853612,1,5856009
5856673,1,5855170
5855629,1,5855102
5853547,1,5854972
5853537,1,5854962
5853516,1,5854941
5853508,1,5854933
5844967,1,5854419
5844953,1,5854405
5857637,1,5854190
5856594,1,5854123
5856557,1,5854086
5854506,1,5853987
5854502,1,5853983
5864813,1,5853554
5859490,1,5853180
5866893,1,5852632
5864751,1,5852511
5859436,1,5852144
5865726,1,5851525
5860400,1,5850148
5866633,1,5848453
5859218,1,5848004
5859181,1,5847967
5859172,1,5847958
5859171,1,5847957
5859163,1,5847949
5859128,1,5846933
5866462,1,5846318
5864178,1,5844096
5858837,1,5842720
5866168,1,5841118
5867093,1,5839097
5867063,1,5839067
5866032,1,5839018
5864895,1,5838926
5859656,1,5838637
5859645,1,5838626
5867030,1,5838057
5865993,1,5837998
5864840,1,5837892
5861721,1,5837702
5859593,1,5837595
5839641,1,5819728
5838612,1,5819704
5838597,1,5819690
5838586,1,5819679
5839574,1,5818676
5832123,1,5818243
5833091,1,5817233
5832059,1,5817195
5832048,1,5817184
5838136,1,5812339
5834881,1,5812099
5838069,1,5811291
5838031,1,5811253
5848337,1,5857758
5840126,1,5810351
5833702,1,5809952
5832650,1,5809905
5841053,1,5808306
5837845,1,5808116
5840972,1,5807242
5838828,1,5807110
5832344,1,5805661
5838745,1,5805061
5836573,1,5804904
5832328,1,5804661
5832277,1,5804610
5837573,1,5803914
5833275,1,5803628
5830602,1,6044933
5844680,7,5865766
5852670,1,5857982
5833155,1,5818280
5832050,1,5817186
5830413,1,5807632
5842608,1,6038078
5860070,1,5844926
5857171,1,5863418
5856957,1,5860301
5858805,1,5856317
5866796,1,5851554
5866589,1,5848409
5859717,1,5839682
5865870,1,5836897
5835315,1,5818440
5832019,1,5817155
5832789,1,5812011
5832372,1,5805689
5838561,1,5819654
5834278,1,5819389
5832164,1,5819269
5837422,1,5818538
5834245,1,5818371
5833196,1,5818321
5833147,1,5818272
5834108,1,5816265
5833009,1,5816167
5834050,1,5815220
5834008,1,5815178
5833000,1,5815171
5839315,1,5814478
5833986,1,5814171
5836261,1,5816414
5830568,2,5809750
5852261,4,5868236
5851248,3,5868230
5851248,7,6060844
5852221,8,5867231
5852169,3,5866214
5852073,3,5865153
5851042,3,5865126
5846599,1,5863778
5854063,1,5863238
5850821,3,5862003
5850662,3,5859914
5850662,8,6060833
5853705,1,5858041
5844083,3,5856450
5851472,8,5855850
5857687,1,5855208
5856671,1,5855168
5854570,1,5855019
5854531,1,5854012
5852396,22,5853829
5851333,8,5853773
5865835,1,5853596
5865834,1,5853595
5861686,8,5853357
5861668,7,5853339
5860517,1,5852221
5863974,1,6042369
5855462,1,5869473
5862665,1,5852378
5863638,1,5851395
5863425,1,5848240
5863410,1,5848225
5863340,1,5847174
5863250,1,5845124
5862180,1,5845030
5862159,1,5845009
5863128,1,5843042
5862974,1,5840921
5862847,1,5838830
5862775,1,5837780
5835162,1,5816320
5837247,1,5815410
5834892,1,5812110
5835460,1,5803813
5839323,1,5814486
5832819,1,5813024
5866096,1,5840064
5864956,1,5839970
5860807,1,5839760
5860804,1,5839757
5860767,1,5839720
5859738,1,5839703
5859734,1,5839699
5859707,1,5839672
5859703,1,5839668
5859685,1,5839650
5867083,1,5839087
5867051,1,5839055
5866044,1,5839030
5864905,1,5838936
5864904,1,5838935
5860726,1,5838697
5860709,1,5838680
5859667,1,5838648
5859616,1,5838597
5867039,1,5838065
5867025,1,5838052
5867009,1,5838036
5864862,1,5837914
5864839,1,5837891
5864824,1,5837876
5861742,1,5837723
5861705,1,5837686
5860685,1,5837678
5860673,1,5837667
5860666,1,5837660
5860637,1,5837631
5860636,1,5837630
5865882,1,5836909
5842222,1,5859448
5860453,1,5851179
5840389,1,5814546
5837156,1,5814335
5841280,1,5811484
5841176,1,5810395
5836772,1,5808051
5849116,1,5870130
5849111,1,5870125
5847880,1,5866992
5857362,1,5866518
5855164,1,5864334
5850950,1,5864066
5854040,1,5863215
5850817,1,5861999
5856027,1,5861314
5855696,1,5856141
5858666,1,5854243
5840684,1,5818780
5839577,1,5818679
5831045,1,5817116
5838400,1,5816540
5836265,1,5816418
5838324,1,5815478
5837250,1,5815413
5836196,1,5815363
5839331,1,5814494
5839218,1,5813397
5838148,1,5813333
5837081,1,5813275
5841332,1,5812517
5841328,1,5812513
5841327,1,5812512
5841310,1,5812495
5838112,1,5812315
5841268,1,5811472
5841163,1,5810382
5839033,1,5810264
5832615,1,5809870
5835787,1,5809053
5835784,1,5809050
5841009,1,5807279
5840992,1,5807262
5839860,1,5806152
5839859,1,5806151
5839857,1,5806149
5839855,1,5806147
5838690,1,5805007
5860127,1,5845960
5860095,1,5845928
5860094,1,5845927
5834608,2,5807894
5864708,1,5852468
5865276,1,5844218
5839695,1,5804024
5837595,1,5803936
5835462,1,5803815
5834587,1,5806890
5833907,1,5813107
5833906,1,5813106
5833897,1,5813097
5833895,1,5813095
5833891,1,5813091
5833886,1,5813086
5833876,1,5813076
5833874,1,5813074
5833871,1,5813071
5840269,1,5812460
5840224,1,5812415
5838144,1,5812346
5834926,1,5812144
5834925,1,5812143
5833854,1,5812070
5833839,1,5812055
5830713,1,5811864
5840196,1,5811406
5839134,7,5811350
5840145,1,5810370
5840057,1,5809298
5834702,1,5808970
5830537,1,5808737
5841061,1,5808314
5837815,1,5808086
5834636,1,5807922
5834633,1,5807919
5834632,1,5807918
5834606,1,5807892
5839948,1,5807224
5834588,1,5806891
5834584,1,5806887
5833525,1,5806824
5840949,1,5806235
5837723,1,5806027
5837722,1,5806026
5837721,1,5806025
5837720,1,5806024
5837719,1,5806023
5837718,1,5806022
5837717,1,5806021
5837716,1,5806020
5837715,1,5806019
5833437,1,5805754
5833434,1,5805751
5833433,1,5805750
5837663,3,5804986
5834454,1,5804793
5834453,1,5804792
5834444,1,5804783
5834437,1,5804776
5834431,1,5804770
5834416,1,5804755
5834406,1,5804745
5833390,1,5804725
5832302,1,5804635
5832285,1,5804618
5832279,1,5804612
5834397,1,5803752
5834364,1,5803720
5834351,1,5803707
5834344,1,5803700
5834336,1,5803692
5832213,1,5803563
5832212,1,5803562
5849110,1,5870124
5849102,1,5870116
5847027,1,5870017
5847011,1,5870001
5846995,1,5869985
5853377,1,5869340
5849076,1,5869125
5849053,1,5869102
5849025,1,5869074
5849020,1,5869069
5846969,1,5868991
5846967,1,5868989
5846966,1,5868988
5846951,1,5868973
5854349,1,5868368
5848996,1,5868082
5848969,1,5868055
5848965,1,5868051
5847931,1,5868011
5847908,1,5867988
5847907,1,5867987
5846865,1,5867920
5845848,1,5867887
5857401,1,5867525
5854288,1,5867340
5853257,1,5867285
5848937,1,5867059
5848913,1,5867035
5848905,1,5867027
5848902,1,5867024
5848892,1,5867014
5848891,1,5867013
5847883,1,5866995
5846852,1,5866938
5846820,1,5866907
5846789,1,5866876
5844696,1,5866750
5856318,1,5866450
5848871,1,5866028
5848870,1,5866027
5848859,1,5866017
5848858,1,5866016
5848850,1,5866008
5848837,1,5865995
5848822,1,5865980
5848814,1,5865972
5846746,1,5865865
5846738,1,5865857
5846724,1,5865843
5855249,1,5865389
5855248,1,5865388
5853135,1,5865227
5848806,1,5864998
5848787,1,5864980
5848785,1,5864978
5848784,1,5864977
5848775,1,5864968
5848774,1,5864967
5848759,1,5864952
5848746,1,5864939
5847707,1,5864882
5846710,1,5864860
5848738,1,5863963
5848737,1,5863962
5848726,1,5863952
5848708,1,5863934
5848707,1,5863933
5848706,1,5863932
5848703,1,5863929
5848689,1,5863915
5848685,1,5863911
5847661,1,5863865
5846642,1,5863821
5846632,1,5863811
5846631,1,5863810
5846622,1,5863801
5846610,1,5863789
5843461,1,5863582
5851928,1,5863074
5848611,7,5862870
5846589,1,5862798
5846584,1,5862794
5846565,1,5862775
5846526,1,5861769
5846525,1,5861768
5843378,1,5861563
5849651,1,5860883
5849650,1,5860882
5849649,1,5860881
5849636,1,5860868
5845355,1,5860619
5849630,1,5859898
5849607,1,5859876
5849600,1,5859869
5848417,1,5859776
5846341,1,5859653
5849540,1,5858844
5849529,1,5858833
5848395,1,5858786
5847321,1,5858688
5847251,1,5857648
5846230,1,5857606
5846224,1,5857600
5849389,1,5856758
5849379,1,5856748
5849374,1,5856743
5849372,1,5856741
5849371,1,5856740
5846191,1,5856597
5857112,1,5862390
5851832,1,5861045
5831811,1,5813991
5833784,1,5811018
5857778,1,5856271
5854612,1,5856033
5854611,1,5856032
5849345,1,5855750
5849344,1,5855749
5849343,1,5855748
5849334,1,5855739
5849331,1,5855736
5849330,1,5855735
5849311,1,5855716
5845750,3,5866821
5849873,1,5864000
5863708,1,5852445
5862660,1,5852373
5862635,1,5852348
5862616,1,5852329
5863557,1,5850334
5863525,1,5850302
5863518,1,5849316
5862360,1,5848151
5863387,1,5847221
5863381,1,5847215
5862341,1,5847151
5862328,1,5847138
5862287,1,5847097
5863304,1,5846157
5863303,1,5846156
5863291,1,5846144
5863232,1,5845106
5862073,1,5842963
5862042,1,5842932
5863050,1,5841982
5862017,1,5841925
5861980,1,5841888
5863993,1,5840965
5862991,1,5840938
5861943,1,5840866
5863945,1,5839936
5862887,1,5839854
5861893,1,5839836
5863858,1,5838865
5863857,1,5838864
5861811,1,5838770
5861779,1,5838738
5863788,1,5837817
5861763,1,5837744
5830819,1,5813937
5865541,1,5848401
5865508,1,5848370
5865505,1,5848367
5865503,1,5848365
5864483,1,5848322
5864450,1,5848289
5860274,1,5848064
5860267,1,5848057
5860254,1,5848044
5860247,1,5848037
5860246,1,5848036
5860239,1,5848029
5860238,1,5848028
5860237,1,5848027
5860229,1,5848019
5859213,1,5847999
5859201,1,5847987
5859189,1,5847975
5859187,1,5847973
5859186,1,5847972
5859177,1,5847963
5859173,8,5847959
5859170,1,5847956
5859166,1,5847952
5859165,1,5847951
5859162,1,5847948
5865472,1,5847353
5864413,1,5847271
5864386,1,5847244
5859136,1,5846941
5859109,7,5846914
5859097,1,5846902
5867546,1,5846398
5866463,1,5846319
5864304,1,5846181
5861190,1,5846016
5859089,1,5845914
5859073,1,5845898
5859050,1,5845875
5867488,1,5845364
5867481,1,5845357
5867477,1,5845353
5867476,1,5845352
5866397,1,5845273
5860061,1,5844917
5860047,1,5844903
5859026,1,5844869
5859015,1,5844859
5859005,1,5844849
5859004,1,5844848
5859001,1,5844845
5858987,1,5844831
5858986,1,5844830
5858979,1,5844823
5858969,1,5844813
5867427,1,5844327
5866337,1,5844234
5864186,1,5844104
5864185,1,5844103
5861080,1,5843951
5860001,1,5843880
5859996,1,5843875
5859961,1,5843840
5859953,1,5843832
5858934,1,5843797
5858933,1,5843796
5858913,3,5843776
5858912,1,5843775
5858909,1,5843772
5858908,1,5843771
5867344,1,5843267
5867340,1,5843263
5865203,1,5843165
5865167,1,5843129
5865159,1,5843121
5864124,1,5843062
5859939,1,5842842
5859932,1,5842835
5859925,1,5842828
5859919,1,5842822
5859918,1,5842821
5858871,1,5842754
5858857,1,5842740
5858854,1,5842737
5866253,1,5842187
5859837,1,5841763
5859836,1,5841762
5842075,1,5841721
5867246,1,5841207
5866171,1,5841121
5849317,1,5855722
5859834,1,5841760
5861069,1,5843940
5860874,1,5840805
5859792,1,5840737
5859790,1,5840735
5859778,1,5840723
5859772,1,5840717
5859749,1,5840694
5859746,1,5840691
5866117,1,5840085
5842038,8,5841684
5842031,3,5841677
5842025,5,5841671
5866045,2,5839031
5861712,7,5837693
5861712,3,6060818
5841784,21,5819861
5840701,1,5819782
5839633,3,5819720
5833240,1,5819349
5831207,1,5819244
5841706,3,5818797
5834213,1,5818339
5841659,3,5817765
5834135,1,5817277
5839477,1,5816611
5839469,1,5816603
5834115,1,5816272
5831953,1,5816104
5840364,1,5814521
5839287,23,5814450
5835039,1,5814225
5833981,1,5814166
5831819,1,5813999
5831818,1,5813998
5831789,1,5812984
5839066,3,5810297
5836785,7,5808064
5840994,1,5807264
5840942,1,5806228
5841936,7,5805239
5840797,1,5804120
5834359,1,5803715
5834339,1,5803695
5841323,1,5812508
5860478,1,6044451
5851268,3,5869216
5850183,1,5869144
5850170,1,5868165
5850169,1,5868164
5850162,1,5868157
5848970,1,5868056
5846856,1,5867911
5858476,7,5867624
5846805,7,5866892
5845790,8,5866861
5851108,7,5866158
5851107,8,5866157
5851065,3,5866115
5846784,7,5865902
5849935,1,5865030
5849931,1,5865026
5849929,1,5865024
5848751,1,5864944
5854112,1,5864258
5850983,3,5864098
5850937,8,5864053
5849883,1,5864010
5849840,3,5863967
5848681,1,5863907
5855050,7,5862280
5850729,3,5860946
5850728,3,5860945
5849572,8,5859841
5855866,1,5859218
5850634,3,5858921
5850633,3,5858920
5856820,3,5858228
5851591,7,5857904
5851584,3,5856928
5856687,1,5856156
5854643,7,5856064
5858742,3,5855286
5853546,8,5854971
5853506,1,5854931
5842892,7,5854296
5867515,3,5845390
5860052,7,5844908
5859973,7,5843852
5859972,7,5843851
5839618,7,5818719
5835252,1,5817394
5836876,7,5810121
5836876,8,6060791
5834748,3,5810000
5834747,3,5809999
5834746,3,5809998
5834744,3,5809996
5839953,1,5807228
5836707,7,5807003
5836547,8,5804878
5832336,1,5804668
5842838,1,5869747
5844834,3,5868823
5858556,3,5868671
5853351,3,5868346
5842725,2,5867699
5842694,8,5867668
5843707,7,5866737
5853187,7,5866247
5843589,7,5865651
5855241,3,5865381
5843533,3,5864625
5843491,3,5863612
5843407,3,5862559
5842383,1,5862511
5855018,3,5862248
5855017,3,5862247
5851885,1,5862064
5845452,1,5861682
5844389,8,5861598
5857016,2,5861327
5857015,2,5861326
5855998,7,5861285
5855993,7,5861280
5848520,7,5860846
5846402,1,5860680
5842242,1,5860436
5855925,7,5860245
5853880,3,5860152
5848448,7,5859807
5846362,1,5859674
5845289,1,5859587
5844295,8,5859570
5843218,3,5859469
5842217,3,5859444
5842216,3,5859443
5842212,22,5859439
5842195,3,5859422
5842185,22,5859412
5855862,3,5859214
5855861,3,5859213
5846296,1,5858641
5844230,3,5858537
5842130,22,5858390
5842115,7,5858375
5856866,6,5858274
5856865,6,5858273
5846239,1,5857615
5843116,22,5857430
5853680,1,5857045
5853646,7,5857011
5852596,2,5856937
5853627,8,5856023
5847127,8,5855585
5846097,1,5855536
5842973,7,5855348
5842952,22,5855327
5842942,21,5855317
5842929,3,5854333
5857615,3,5854168
5856616,3,5854144
5864789,1,5853530
5861660,7,5853331
5861658,1,5853329
5861651,1,5853322
5861650,1,5853321
5866881,3,5852620
5861475,1,5850213
5866700,3,5849500
5864511,1,5849333
5866508,2,5846364
5866507,2,5846363
5864245,1,5845143
5846605,1,5863784
5844511,1,5863656
5843506,1,5863627
5843494,1,5863615
5842451,1,5863548
5858183,1,5863454
5857187,1,5863434
5856142,1,5863365
5856107,1,5863330
5855110,1,5863309
5852989,7,5863140
5848664,1,5862923
5848663,1,5862922
5848613,1,5862872
5846588,1,5862797
5846576,1,5862786
5846570,1,5862780
5846547,1,5862757
5845504,1,5862700
5844474,1,5862650
5844473,1,5862649
5844470,1,5862646
5844460,1,5862636
5842402,1,5862530
5858179,1,5862480
5858156,1,5862458
5858151,1,5862453
5858130,1,5862432
5856094,1,5862348
5856083,1,5862337
5856079,1,5862333
5856059,1,5862313
5856043,1,5862297
5856042,1,5862296
5855054,1,5862284
5855035,1,5862265
5853993,1,5862199
5853956,1,5862162
5852956,1,5862138
5852954,1,5862136
5852951,1,5862133
5852936,1,5862118
5852922,1,5862104
5848600,1,5861893
5844393,1,5861602
5842322,1,5861483
5858101,1,5861436
5858064,1,5861399
5857056,1,5861367
5857046,1,5861357
5857018,7,5861329
5855988,1,5861275
5855987,1,5861274
5855979,1,5861266
5854961,1,5861224
5854937,1,5861200
5853927,1,5861166
5852909,1,5861124
5852896,1,5861111
5858030,1,5860398
5857990,1,5860358
5856965,1,5860309
5855948,1,5860268
5855933,1,5860253
5853856,1,5860128
5853846,1,5860118
5852847,1,5860094
5852825,1,5860073
5852806,1,5860054
5848462,1,5859821
5844292,1,5859567
5844283,1,5859558
5844248,1,5859523
5857982,1,5859381
5857975,7,5859375
5856914,1,5859290
5856912,1,5859288
5854860,1,5859187
5853763,1,5859067
5849565,1,5858868
5843166,1,5858449
5857872,1,5858304
5856818,1,5858226
5854769,1,5858129
5853755,1,5858090
5853741,1,5858077
5852666,1,5857978
5849461,1,5857798
5847263,1,5857660
5846242,1,5857618
5845160,1,5857522
5844131,1,5857469
5857820,7,5857281
5855727,1,5857140
5854715,7,5857104
5854708,1,5857097
5854704,1,5857093
5854698,1,5857087
5854689,1,5857078
5854672,1,5857061
5852633,1,5856974
5852610,1,5856951
5852609,1,5856950
5864239,1,5845137
5866346,6,5844243
5864233,1,5844151
5864232,1,5844150
5859967,7,5843846
5859849,4,5841775
5842065,3,5841711
5842058,8,5841704
5842050,21,5841696
5853393,1,5869356
5853372,1,5869335
5846919,1,5868941
5844878,1,5868867
5844842,1,5868831
5844840,1,5868829
5844839,1,5868828
5843785,1,5868750
5842798,1,5868739
5858547,1,5868662
5858518,1,5868633
5857467,1,5868558
5856481,1,5868548
5856479,1,5868546
5856444,1,5868511
5856442,1,5868509
5855401,1,5868444
5855400,1,5868443
5855387,1,5868430
5854407,1,5868425
5854395,1,5868414
5854382,1,5868401
5854379,1,5868398
5854369,1,5868388
5853321,7,5868316
5846881,1,5867936
5846876,1,5867931
5845837,1,5867876
5845815,1,5867854
5844793,1,5867815
5843722,1,5867720
5843721,1,5867719
5858486,7,5867634
5858483,7,5867631
5858470,1,5867618
5857442,1,5867566
5857431,1,5867555
5857424,1,5867548
5856411,1,5867511
5856387,1,5867487
5856368,1,5867468
5855352,1,5867428
5854335,7,5867387
5853285,1,5867313
5853275,1,5867303
5853263,1,5867291
5853249,1,5867277
5853241,1,5867269
5848898,1,5867020
5848885,1,5867007
5846822,1,5866909
5846790,1,5866877
5842627,1,5866633
5858436,1,5866615
5857355,1,5866511
5857347,1,5866503
5857346,1,5866502
5856354,7,5866486
5856339,1,5866471
5856313,1,5866445
5856310,1,5866442
5856296,1,5866428
5855310,1,5866418
5855297,1,5866405
5855295,1,5866403
5855265,1,5866373
5855264,1,5866372
5854277,1,5866360
5854236,1,5866320
5854233,1,5866317
5854218,1,5866302
5853238,1,5866297
5850032,1,5866094
5848862,1,5866020
5847800,1,5865944
5844656,1,5865742
5842606,1,5865644
5858365,1,5865577
5858364,1,5865576
5858319,1,5865531
5857330,1,5865517
5857325,1,5865513
5857288,1,5865476
5856250,1,5865414
5856236,1,5865400
5856232,1,5865396
5855232,1,5865372
5855195,1,5865335
5855194,1,5865334
5854192,1,5865308
5854187,1,5865303
5853174,1,5865265
5846683,1,5864833
5843556,1,5864648
5857258,1,5864476
5857248,1,5864466
5857227,1,5864445
5857216,1,5864434
5856213,1,5864407
5856210,1,5864404
5856169,1,5864363
5856165,1,5864359
5855181,1,5864351
5855166,1,5864336
5855155,1,5864325
5855154,1,5864324
5852599,1,5856940
5852592,1,5856933
5849367,1,5856736
5846177,1,5856583
5845139,1,5856530
5845111,1,5856502
5845106,1,5856497
5845097,1,5856488
5845093,1,5856484
5845090,1,5856481
5835532,3,6043901
5848407,7,6036558
5844104,1,5856470
5844099,1,5856466
5843013,1,5856356
5857736,1,5856229
5857726,1,5856219
5856740,1,5856209
5856725,1,5856194
5856720,1,5856189
5856713,1,5856182
5856711,1,5856180
5856697,1,5856166
5855655,1,5856100
5853611,1,5856008
5853610,1,5856007
5853609,1,5856006
5852581,1,5855954
5852573,7,5855946
5852561,1,5855934
5852537,1,5855910
5852529,1,5855902
5849348,1,5855753
5848185,1,5855667
5847147,1,5855605
5845076,1,5855499
5845074,1,5855497
5845065,1,5855488
5845057,1,5855480
5845048,1,5855471
5845035,1,5855458
5845029,1,5855452
5858763,1,5855306
5857711,1,5855232
5857673,1,5855194
5856676,1,5855173
5856668,1,5855165
5856667,1,5855164
5855638,1,5855111
5855598,1,5855071
5854571,1,5855020
5853510,1,5854935
5853509,1,5854934
5852483,1,5854884
5850328,1,5854747
5849282,1,5854719
5848100,1,5854611
5844973,1,5854425
5844965,1,5854417
5844959,1,5854411
5844955,1,5854407
5843955,1,5854383
5858672,1,5854249
5858663,1,5854240
5858647,1,5854224
5857657,7,5854209
5856583,1,5854112
5856582,1,5854111
5856567,1,5854096
5856566,1,5854095
5855530,1,5854035
5849209,1,5853681
5865832,1,5853593
5864807,1,5853548
5864803,1,5853544
5864767,1,5853508
5864760,1,5853501
5861692,1,5853363
5860615,1,5853298
5860584,1,5853268
5859532,1,5853222
5859512,1,5853202
5859505,1,5853195
5859489,1,5853179
5859487,1,5853177
5864755,1,5852515
5860502,1,5852206
5859473,1,5852181
5859451,1,5852159
5859447,1,5852155
5859445,1,5852153
5859431,1,5852139
5859430,1,5852138
5864688,1,5851468
5864631,1,5851412
5860467,1,5851193
5860455,1,5851181
5860441,1,5851167
5859418,1,5851145
5859395,1,5851123
5859377,1,5851105
5859360,1,5851088
5859356,1,5851084
5864599,1,5850400
5864593,1,5850394
5861488,1,5850226
5860399,1,5850147
5860354,1,5850102
5859320,1,5850068
5859312,1,5850060
5859310,1,5850058
5864533,1,5849355
5855147,1,5864317
5854107,1,5864253
5854096,1,5864242
5853105,7,5864226
5853087,1,5864209
5853052,1,5864174
5853051,1,5864173
5848680,1,5863906
5862859,1,5838842
5854774,1,5858134
5846204,1,5857580
5857659,1,5854211
5858899,1,5842781
5834255,1,5818381
5838361,1,5816501
5841462,1,5814613
5841459,1,5814610
5841373,1,5813540
5834333,1,5803689
5860348,1,5849118
5860299,1,5849070
5860294,1,5849065
5860291,1,5849062
5859281,1,5849050
5859251,1,5849020
5859249,1,5849018
5859229,1,5848998
5859228,1,5848997
5836429,1,5819534
5839606,1,5818708
5838369,1,5816509
5836217,1,5816371
5832961,1,5815133
5837159,1,5814338
5841394,1,5813561
5834957,1,5813158
5841345,1,5812530
5841344,1,5812529
5839116,1,5811332
5833523,1,5806822
5839858,1,5806150
5837707,1,5806011
5833442,1,5805759
5866637,1,5848457
5858066,1,5861401
5856696,1,5856165
5852582,1,5855955
5843912,1,5869844
5859876,7,6042399
5846848,1,6038099
5851518,1,6036513
5845961,1,5869935
5857550,1,5869609
5856552,1,5869586
5854446,1,5869433
5854445,1,5869432
5857482,1,5868573
5856452,1,5868519
5856451,1,5868518
5843751,1,5867749
5854326,1,5867378
5855275,1,5866383
5857331,1,5865518
5858208,1,5863479
5855102,1,5863301
5855076,1,5863275
5854066,1,5863241
5856054,1,5862308
5856053,1,5862307
5855059,1,5862288
5855999,1,5861286
5854912,1,5860208
5854873,1,5860169
5854781,1,5858141
5857806,1,5857267
5852636,1,5856977
5858829,1,5856341
5855698,1,5856143
5855697,1,5856142
5856622,1,5855119
5855617,1,5855090
5865527,1,5848389
5860156,1,5846967
5860133,1,5845966
5860131,1,5845964
5858838,1,5842721
5831179,1,5819217
5831163,1,5819201
5831162,1,5819200
5830187,1,5819164
5830154,1,5819131
5830152,1,5819129
5830146,1,5819123
5830145,1,5819122
5831134,1,5818188
5831116,1,5818170
5831115,1,5818169
5830136,1,5818128
5830135,1,5818127
5831058,1,5817129
5831019,1,5817090
5831014,1,5817085
5831013,1,5817084
5838396,1,5816536
5838394,1,5816534
5830901,1,5815002
5830896,1,5814997
5831850,1,5814030
5830853,1,5813971
5830852,1,5813970
5830844,1,5813962
5830830,1,5813948
5831792,1,5812987
5831747,1,5812942
5830806,1,5812939
5830777,1,5812911
5830768,1,5812902
5830760,1,5812894
5830750,1,5812884
5830745,1,5812879
5830744,1,5812878
5830698,1,5811849
5830697,1,5811848
5830693,1,5811844
5833796,1,5811030
5830616,1,5810783
5830576,1,5809758
5830544,1,5809726
5831535,1,5808797
5831530,1,5808792
5831529,1,5808791
5831510,1,5808772
5831509,1,5808771
5831484,1,5808746
5831483,1,5808745
5831482,1,5808744
5857310,1,5865498
5858306,1,5864547
5853235,1,6038089
5858621,1,5869704
5858541,8,5868656
5854200,1,5865316
5854114,1,5864260
5858144,1,5862446
5858003,1,5860371
5855871,1,5859223
5855794,1,5858178
5855687,1,5856132
5855565,1,5854070
5849149,1,5870163
5848068,8,5870083
5847005,1,5869995
5846994,1,5869984
5843907,1,5869840
5856524,1,5869559
5851314,3,5869262
5851274,1,5869222
5850175,1,5869136
5849085,1,5869133
5849048,1,5869097
5849045,1,5869094
5845924,1,5868930
5855394,1,5868437
5851221,1,5868203
5846901,1,5867956
5846877,1,5867932
5846866,1,5867921
5851120,1,5867136
5846847,1,5866934
5846788,1,5866875
5844752,1,5866806
5858418,1,5866598
5845682,8,5865785
5845682,7,6060840
5847736,1,5864911
5847722,7,5864897
5847716,1,5864891
5845612,1,5864746
5849857,1,5863984
5847660,22,5863864
5846623,1,5863802
5856116,1,5863339
5850891,1,5863039
5850870,3,5863018
5850856,7,5863004
5846560,1,5862770
5858135,7,5862437
5850840,1,5862022
5850839,1,5862021
5846527,1,5861770
5857063,1,5861374
5850782,1,5860998
5848483,1,5860809
5847469,1,5860771
5850659,1,5859911
5849603,1,5859872
5848471,1,5859830
5850593,1,5858880
5849533,1,5858837
5856845,1,5858253
5851642,1,5857955
5851613,1,5857926
5850525,1,5857845
5856780,1,5857217
5851522,1,5856866
5848281,1,5856730
5855660,1,5856105
5853589,1,5855986
5866317,7,6042892
5849151,1,6038687
5850239,1,6038673
5841558,1,6037534
5840741,1,5819822
5840603,1,5817715
5840839,1,5805144
5856024,1,5861311
5852740,1,5859020
5857748,1,5856241
5855680,1,5856125
5854360,1,5868379
5857452,1,5867576
5853239,1,5866298
5855234,1,5865374
5846701,1,5864851
5857261,1,5864479
5854724,1,5857113
5855678,1,5856123
5856588,1,5854117
5850438,1,6036512
5830803,1,6037015
5842543,1,6038061
5842073,1,5841719
5846933,1,5868955
5846908,1,5867963
5863729,1,5853447
5860600,1,5853284
5862581,1,5851314
5862580,1,5851313
5862497,1,5850250
5862418,1,5849192
5862273,1,5846102
5863134,1,5844028
5864053,1,5842009
5863792,1,5837821
5830183,1,5819160
5835292,8,5818417
5832047,1,5817183
5830895,1,5814996
5830509,1,5808710
5831304,1,5805618
5832899,1,5814088
5866638,1,5848458
5832903,1,5814092
5832902,1,5814091
5832901,1,5814090
5832900,1,5814089
5832898,1,5814087
5832897,1,5814086
5832896,1,5814085
5832795,1,5812016
5866642,1,5848461
5835111,1,5815282
5835075,1,5815246
5835026,1,5814212
5838065,1,5811287
5853560,1,5854984
5853550,1,5854975
5853549,1,5854974
5853543,1,5854968
5852472,1,5854873
5849232,1,5854670
5847095,1,5854582
5847091,1,5854578
5846046,1,5854515
5846021,1,5854490
5843946,1,5854374
5843929,1,5854357
5843922,1,5854350
5843921,1,5854349
5842911,1,5854315
5842909,1,5854313
5842887,1,5854291
5856611,1,5854140
5856597,1,5854126
5856591,7,5854120
5856590,1,5854119
5856573,1,5854102
5856571,1,5854100
5856561,1,5854090
5855578,1,5854082
5855551,1,5854056
5855540,1,5854045
5855521,1,5854026
5854517,1,5853998
5854494,1,5853975
5854481,1,5853962
5854480,1,5853961
5853458,1,5853915
5853437,7,5853894
5849218,1,5853689
5849179,1,5853651
5849172,1,5853644
5865842,1,5853603
5865840,1,5853601
5865804,1,5853565
5864810,1,5853551
5864808,1,5853549
5864801,1,5853542
5860614,1,5853297
5860580,1,5853264
5859514,1,5853204
5865773,1,5852553
5865742,1,5852522
5864744,1,5852504
5864737,1,5852497
5861632,1,5852323
5861616,1,5852308
5860540,1,5852244
5860511,1,5852215
5860501,1,5852205
5860500,1,5852204
5860495,1,5852199
5865692,1,5851491
5865680,1,5851479
5864658,1,5851439
5859392,1,5851120
5866746,1,5850524
5866736,1,5850514
5840471,1,5815613
5840424,1,5815566
5839379,1,5815527
5839359,1,5815507
5839357,1,5815505
5838307,1,5815461
5838301,1,5815455
5835117,1,5815288
5835112,1,5815283
5835110,1,5815281
5835096,1,5815267
5835095,1,5815266
5835091,1,5815262
5835086,1,5815257
5834055,1,5815225
5834039,1,5815209
5834028,1,5815198
5834026,1,5815196
5834005,1,5815175
5834004,1,5815174
5832973,1,5815145
5832946,1,5815118
5832938,1,5815110
5831928,1,5815092
5830891,1,5814992
5830890,1,5814991
5830885,1,5814986
5830884,1,5814985
5841435,1,5814586
5840385,1,5814542
5840379,1,5814536
5840377,1,5814534
5839340,1,5814503
5839322,1,5814485
5838273,1,5814442
5838266,1,5814435
5838222,1,5814391
5835063,1,5814248
5835038,1,5814224
5835037,1,5814223
5835024,1,5814210
5835022,1,5814208
5833994,1,5814179
5833987,1,5814172
5833979,1,5814164
5833947,1,5814132
5833942,1,5814127
5831815,1,5813995
5830828,1,5813946
5830826,1,5813944
5841411,1,5813578
5841399,1,5813566
5841388,1,5813555
5840292,1,5813465
5839235,1,5813414
5839234,1,5813413
5839221,1,5813400
5838207,1,5813392
5833925,1,5813125
5833919,1,5813119
5833883,1,5813083
5833879,1,5813079
5866715,1,5850493
5865669,1,5850487
5865642,1,5850461
5865628,1,5850447
5864597,1,5850398
5859342,1,5850090
5866703,1,5849503
5866702,1,5849502
5866661,1,5849461
5866649,1,5849449
5865567,1,5849408
5865560,1,5849401
5864551,1,5849373
5864544,1,5849366
5866614,1,5848434
5866584,1,5848404
5864494,1,5848333
5864463,1,5848302
5859205,1,5847991
5866557,1,5847394
5866547,1,5847384
5866534,1,5847371
5864377,1,5847235
5861254,1,5847058
5867566,1,5846418
5866457,1,5846313
5866453,1,5846309
5864335,1,5846212
5861216,1,5846042
5861210,1,5846036
5861188,1,5846014
5861184,1,5846010
5861179,1,5846005
5867500,1,5845376
5866443,1,5845319
5866440,1,5845316
5866402,1,5845278
5866398,1,5845274
5866390,1,5845266
5865340,1,5845262
5864279,1,5845177
5861156,1,5845004
5861133,1,5844982
5861096,1,5844945
5867412,1,5844312
5866370,1,5844267
5866362,1,5844259
5866349,1,5844246
5833872,1,5813072
5832855,1,5813060
5832844,1,5813049
5832843,1,5813048
5832827,1,5813032
5831809,1,5813003
5831808,1,5813002
5831797,1,5812992
5831793,1,5812988
5831774,1,5812969
5831769,1,5812964
5841320,1,5812505
5840282,1,5812473
5840240,1,5812431
5839203,1,5812400
5838114,1,5812317
5838078,1,5812281
5834878,1,5812096
5833853,1,5812069
5833850,1,5812066
5833827,1,5812043
5833819,1,5812035
5833807,1,5812023
5832747,1,5811969
5832741,1,5811963
5832740,1,5811962
5831703,1,5811914
5831702,1,5811913
5831693,1,5811904
5831683,1,5811894
5841265,1,5811469
5841231,1,5811435
5840217,1,5811427
5840165,1,5811375
5838011,1,5811233
5836942,1,5811173
5835908,1,5811144
5833802,1,5811035
5833801,1,5811034
5833745,1,5810979
5832719,1,5810958
5832697,1,5810936
5832680,1,5810919
5831661,1,5810888
5831660,1,5810887
5831656,1,5810883
5831645,1,5810872
5830623,1,5810790
5841208,1,5810427
5840150,1,5810375
5840147,1,5810372
5839068,1,5810299
5831557,1,5809800
5830571,1,5809753
5830562,1,5809744
5830559,1,5809741
5830539,1,5809721
5831498,1,5808760
5831494,1,5808756
5831493,1,5808755
5831489,1,5808751
5830534,1,5808735
5830495,1,5808696
5830494,1,5808695
5832494,1,5807781
5831470,1,5807750
5830456,1,5807675
5830417,1,5807636
5830409,1,5807628
5830405,1,5807624
5831349,1,5806645
5831344,1,5806640
5830404,1,5806638
5830384,1,5806619
5830354,1,5806589
5830338,1,5806573
5831337,1,5805651
5831303,1,5805617
5830337,1,5805589
5830333,1,5805586
5830322,1,5805575
5830318,1,5805571
5830297,1,5805550
5830283,1,5805536
5831274,1,5804604
5831265,1,5804596
5831254,1,5804585
5831253,1,5804584
5831250,1,5804581
5831248,1,5804579
5831244,1,5804575
5831230,1,5804561
5831223,1,5804554
5831210,1,5804541
5830254,1,5804524
5830222,1,5804492
5833310,1,5803663
5832262,1,5803612
5853991,1,5862197
5848572,1,5861865
5842287,1,5860480
5855711,1,5857124
5856654,1,5855151
5864254,1,5845152
5838038,1,5811260
5841205,1,5810424
5839824,1,5806116
5866325,1,5844222
5865266,1,5844208
5861082,1,5843953
5861060,1,5843931
5861056,1,5843927
5861055,1,5843926
5861049,1,5843920
5861035,1,5843906
5861034,1,5843905
5861028,1,5843899
5867325,1,5843248
5866318,1,5843234
5866289,1,5843206
5866287,1,5843204
5866281,1,5843198
5865211,1,5843173
5865205,1,5843167
5865202,1,5843164
5864162,1,5843100
5864160,1,5843098
5864159,1,5843097
5864158,1,5843096
5861009,1,5842902
5860995,1,5842888
5860982,1,5842875
5867293,1,5842237
5866246,1,5842181
5866241,1,5842176
5866238,1,5842173
5866215,8,5842150
5866200,1,5842135
5860907,1,5841820
5842081,1,5841727
5867237,1,5841199
5867224,1,5841186
5867184,1,5841146
5866182,1,5841132
5866146,1,5841096
5866132,1,5841082
5865029,1,5841024
5865026,1,5841021
5860870,1,5840801
5859801,1,5840746
5859788,1,5840733
5859751,1,5840696
5867145,1,5840128
5867139,1,5840122
5866102,1,5840070
5866089,1,5840057
5865006,1,5840020
5864994,1,5840008
5859688,1,5839653
5859684,1,5839649
5867057,1,5839061
5867043,1,5839047
5866023,1,5839009
5866013,1,5838999
5866011,1,5838997
5864931,1,5838962
5864929,1,5838960
5864927,1,5838958
5864910,1,5838941
5864909,1,5838940
5864896,1,5838927
5839041,1,5810272
5837953,1,5810190
5834733,1,5809985
5833672,1,5809922
5832628,1,5809883
5841150,1,5809385
5841144,1,5809379
5841111,1,5809346
5840070,1,5809311
5840066,1,5809307
5838987,1,5809234
5837888,1,5809141
5837886,1,5809139
5836843,1,5809104
5834699,1,5808967
5834670,1,5808938
5833649,1,5808915
5833615,1,5808881
5831521,1,5808783
5830482,1,5808683
5841065,1,5808318
5841052,1,5808305
5840014,1,5808273
5839998,1,5808257
5839986,1,5808245
5839956,1,5808215
5838931,1,5808196
5838894,1,5808159
5838882,1,5808147
5837844,1,5808115
5834660,1,5807946
5834631,1,5807917
5833599,1,5807882
5833562,1,5807846
5833555,1,5807839
5830431,1,5807650
5840988,1,5807258
5839897,1,5807173
5838835,1,5807117
5838818,1,5807100
5837774,1,5807062
5837768,1,5807056
5836677,1,5806973
5831399,1,5806695
5840906,1,5806192
5839879,1,5806171
5839871,1,5806163
5838756,1,5806054
5836628,1,5805940
5835566,1,5805883
5834479,1,5805800
5832348,1,5805665
5831325,1,5805639
5841948,1,5805251
5841930,1,5805233
5841911,1,5805214
5840857,1,5805162
5840835,1,5805140
5839783,1,5805094
5839761,1,5805072
5838739,1,5805056
5835481,1,5804817
5860715,1,5838686
5860714,1,5838685
5860713,1,5838684
5859673,1,5838654
5867015,1,5838042
5866979,1,5838006
5864853,1,5837905
5864842,1,5837894
5864831,1,5837883
5860649,1,5837643
5859562,1,5837564
5859561,1,5837563
5859554,1,5837556
5866919,1,5836970
5865930,1,5836956
5865915,1,5836942
5865914,1,5836941
5865901,1,5836928
5865899,1,5836926
5865891,1,5836918
5865879,1,5836906
5865872,1,5836899
5834457,1,5804796
5834456,1,5804795
5834424,1,5804763
5834414,1,5804753
5834411,1,5804750
5833388,1,5804723
5832299,1,5804632
5830253,1,5804523
5830235,1,5804505
5830231,1,5804501
5830224,1,5804494
5840787,1,5804110
5840785,1,5804108
5840765,1,5804088
5838641,1,5803976
5838633,1,5803968
5837583,1,5803924
5837547,1,5803888
5836513,1,5803862
5836474,1,5803823
5835442,1,5803796
5834375,1,5803731
5834373,1,5803729
5834360,1,5803716
5834346,1,5803702
5834342,1,5803698
5834338,1,5803694
5833283,1,5803636
5833282,1,5803635
5833281,1,5803634
5832258,1,5803608
5832250,1,5803600
5840888,1,6043907
5837672,1,6043904
5866056,1,6041880
5859675,1,6041875
5855510,1,6038678
5854469,7,6038677
5843843,1,6038666
5854776,1,5858136
5853750,1,5858086
5853749,1,5858085
5853719,1,5858055
5853706,1,5858042
5853698,1,5858034
5852658,1,5857970
5849494,1,5857831
5849436,1,5857773
5848340,1,5857761
5848332,1,5857753
5848324,1,5857745
5848318,1,5857739
5848300,1,5857721
5847289,1,5857686
5847261,1,5857658
5847243,1,5857640
5846235,1,5857611
5846217,1,5857593
5846208,1,5857584
5846206,1,5857582
5845200,1,5857562
5845197,1,5857559
5845195,1,5857557
5845194,1,5857556
5845182,1,5857544
5844151,1,5857489
5844141,1,5857479
5844124,1,5857462
5844114,1,5857452
5843114,1,5857428
5843111,1,5857425
5843106,1,5857420
5857823,1,5857284
5857794,1,5857255
5856773,1,5857210
5856754,1,5857191
5855756,1,5857169
5855754,1,5857167
5855740,1,5857153
5853692,1,5857056
5853648,1,5857013
5853647,1,5857012
5848264,1,5856714
5848225,7,5856675
5847223,1,5856649
5847215,1,5856641
5847208,1,5856634
5847201,1,5856627
5847200,1,5856626
5847185,1,5856611
5846159,1,5856565
5846134,1,5856540
5845112,7,5856503
5845105,8,5856496
5844098,1,5856465
5844092,1,5856459
5844058,1,5856425
5843066,1,5856408
5843062,1,5856405
5843061,1,5856404
5843048,1,5856391
5843032,1,5856375
5855445,1,6038661
5854405,1,6038660
5850099,1,6038103
5843648,1,6038079
5854144,1,6037587
5853039,1,6037569
5853949,1,6037066
5849631,1,6037046
5846392,1,6037042
5845339,1,6037041
5833865,1,6037000
5845274,1,6036555
5851650,1,6036545
5844168,1,6036538
5846194,1,6036524
5856745,1,6036518
5840720,1,5819801
5840712,1,5819793
5840694,1,5819775
5839653,1,5819740
5839631,1,5819718
5839628,1,5819715
5839627,1,5819714
5838590,1,5819683
5838548,1,5819641
5834326,1,5819437
5834317,1,5819428
5834304,1,5819415
5834302,1,5819413
5834295,1,5819406
5834271,1,5819382
5834266,1,5819377
5833245,1,5819354
5833203,1,5819312
5832194,1,5819299
5832168,1,5819273
5832167,1,5819272
5831172,1,5819210
5840686,1,5818782
5840650,1,5818746
5840644,1,5818740
5838514,1,5818622
5838510,1,5818618
5838503,1,5818611
5838502,1,5818610
5837414,1,5818530
5837408,1,5818524
5834259,1,5818385
5834256,1,5818382
5843025,1,5856368
5843024,1,5856367
5843022,1,5856365
5843017,1,5856360
5843006,1,5856349
5843005,1,5856348
5843004,1,5856347
5843003,1,5856346
5858827,1,5856339
5858770,1,5856282
5857781,1,5856274
5856744,1,5856213
5856693,1,5856162
5856691,1,5856160
5855690,1,5856135
5855673,1,5856118
5855663,1,5856108
5854667,1,5856087
5854660,1,5856081
5854659,1,5856080
5854622,1,5856043
5853579,1,5855976
5853578,1,5855975
5852549,1,5855922
5852546,1,5855919
5852528,1,5855901
5852527,1,5855900
5849353,1,5855757
5848190,1,5855672
5847156,1,5855614
5847153,1,5855611
5847122,1,5855580
5846131,1,5855569
5846112,1,5855551
5846083,1,5855522
5846076,1,5855515
5846073,1,5855512
5844031,1,5855430
5844030,1,5855429
5844019,1,5855418
5843996,1,5855395
5843987,1,5855386
5843002,1,5855376
5842991,1,5855366
5842988,1,5855363
5842987,1,5855362
5842972,1,5855347
5842965,1,5855340
5842961,1,5855336
5842947,1,5855322
5857722,1,5855242
5855624,1,5855097
5855584,1,5855057
5854549,1,5854998
5834241,1,5818367
5834204,1,5818330
5832128,1,5818248
5841680,1,5817786
5841638,1,5817744
5840613,1,5817725
5840612,1,5817724
5840605,1,5817717
5839530,1,5817648
5839521,1,5817639
5837389,1,5817522
5837374,1,5817507
5837369,1,5817502
5837361,1,5817494
5837341,1,5817474
5837340,1,5817473
5836315,1,5817453
5834199,1,5817340
5834197,1,5817338
5834196,1,5817337
5834191,1,5817333
5834180,1,5817322
5834174,1,5817316
5834173,1,5817315
5834170,1,5817312
5834169,1,5817311
5834160,1,5817302
5834158,1,5817300
5834154,1,5817296
5832025,1,5817161
5831008,1,5817079
5841607,1,5816729
5841584,1,5816706
5840554,1,5816681
5840535,1,5816663
5840532,1,5816660
5840499,1,5816627
5840491,1,5816619
5838383,1,5816523
5837317,1,5816466
5836223,1,5816377
5836214,1,5816368
5834113,1,5816270
5834106,1,5816263
5834090,1,5816247
5834075,1,5816232
5834073,1,5816230
5833020,1,5816178
5831995,1,5816146
5831947,1,5816098
5831946,1,5816097
5831543,1,5808804
5864308,1,5846185
5849154,1,5870167
5848041,1,5870056
5848027,1,5870042
5843887,1,5869820
5842844,8,5869753
5842843,1,5869752
5842821,22,5869730
5842812,1,5869721
5858598,1,5869681
5858583,1,5869666
5858579,1,5869662
5858576,1,5869659
5856544,1,5869579
5855501,1,5869512
5836747,1,5808026
5836746,1,5808025
5836741,1,5808020
5832529,1,5807816
5832516,1,5807803
5832490,1,5807777
5832488,1,5807775
5832487,1,5807774
5838857,1,5807139
5836725,1,5807021
5836724,1,5807020
5836679,1,5806975
5842002,1,5806287
5841999,1,5806284
5837713,1,5806017
5837695,1,5805999
5836659,1,5805971
5836639,1,5805951
5836629,1,5805941
5836623,1,5805935
5835594,1,5805910
5835593,1,5805909
5835589,1,5805906
5835588,1,5805905
5832339,1,5805656
5836557,1,5804888
5836544,1,5804875
5836543,1,5804874
5836542,1,5804873
5835503,1,5804839
5833372,1,5804707
5832338,1,5804670
5832334,1,5804667
5832323,1,5804656
5832290,1,5804623
5836505,1,5803854
5835419,1,5803773
5835418,1,5803772
5835417,1,5803771
5833335,1,5803687
5833311,1,5803664
5833291,1,5803644
5833287,1,5803640
5833279,1,5803632
5833272,1,5803625
5855500,1,5869511
5855499,1,5869510
5854441,1,5869428
5854432,1,5869419
5853391,1,5869354
5849047,1,5869096
5849042,1,5869091
5847974,7,5869021
5847972,1,5869019
5847961,1,5869008
5847959,1,5869006
5844852,1,5868841
5843834,1,5868799
5843793,1,5868758
5843787,1,5868752
5842807,1,5868747
5842794,1,5868735
5842785,1,5868726
5842754,1,5868695
5842752,1,5868693
5842751,1,5868692
5858559,1,5868674
5857523,1,5868614
5857515,1,5868606
5857474,1,5868565
5856480,1,5868547
5856456,1,5868523
5855441,1,5868484
5855429,1,5868472
5854376,1,5868395
5854348,7,5868367
5853311,1,5868306
5850153,1,5868148
5850151,1,5868146
5850149,1,5868144
5850148,1,5868143
5850134,1,5868129
5850129,1,5868124
5850128,1,5868123
5850127,1,5868122
5850121,1,5868116
5850119,1,5868114
5850118,1,5868113
5850117,1,5868112
5848964,1,5868050
5847932,1,5868012
5847928,1,5868008
5847909,1,5867989
5844822,1,5867843
5844789,1,5867811
5844788,1,5867810
5844785,1,5867807
5844772,1,5867794
5843777,1,5867775
5843763,1,5867761
5843762,1,5867760
5843744,1,5867742
5843732,1,5867730
5843726,1,5867724
5842727,1,5867701
5842723,8,5867697
5842698,1,5867672
5858454,1,5867602
5856401,1,5867501
5856397,1,5867497
5855357,1,5867433
5855356,1,5867432
5839945,1,5807221
5838817,1,5807099
5837772,1,5807060
5836720,1,5807016
5833520,1,5806819
5833503,1,5806802
5831385,1,5806681
5831380,1,5806676
5830358,1,5806593
5842021,1,5806305
5841983,1,5806268
5841980,1,5806265
5841977,1,5806262
5841973,1,5806258
5839878,1,5806170
5838771,1,5806069
5838748,1,5806046
5837704,1,5806008
5834487,1,5805808
5834480,1,5805801
5834471,1,5805792
5833444,1,5805761
5833420,1,5805737
5830320,1,5805573
5841921,1,5805224
5841904,1,5805207
5840873,1,5805178
5840863,1,5805168
5840858,1,5805163
5839767,1,5805078
5838714,1,5805031
5837673,1,5804995
5837666,1,5804989
5837659,1,5804982
5837626,1,5804949
5837616,1,5804939
5836571,1,5804902
5836570,1,5804901
5834440,1,5804779
5834439,1,5804778
5834402,1,5804741
5833356,1,5804691
5831243,1,5804574
5830252,1,5804522
5830238,1,5804508
5830214,1,5804484
5841882,1,5804202
5841859,1,5804179
5841829,1,5804149
5840790,1,5804113
5840764,1,5804087
5840763,1,5804086
5839726,1,5804055
5839705,1,5804034
5837608,1,5803948
5837597,1,5803938
5837563,1,5803904
5837560,1,5803901
5834371,1,5803727
5834361,1,5803717
5834347,1,5803703
5834341,1,5803697
5867314,1,6042405
5860953,1,6042400
5860755,1,6041877
5831873,1,5814052
5839051,1,5810282
5837885,1,5809138
5860875,1,5840806
5860734,1,5838705
5838041,1,5811263
5834674,1,5808942
5839946,1,5807222
5854346,1,5868365
5853328,1,5868323
5845746,1,5866817
5845745,1,5866816
5845689,1,5865792
5845683,1,5865786
5856198,1,5864392
5846371,1,5859683
5857959,1,5859359
5846280,1,5858625
5856873,1,5858281
5846182,1,5856588
5846155,1,5856561
5854585,1,5855034
5846022,1,5854491
5863748,1,5853466
5862727,1,5853421
5862682,1,5853376
5863671,1,5852408
5863670,1,5852407
5862655,1,5852368
5862645,1,5852358
5856155,1,5863378
5866717,1,5850495
5831681,1,5811892
5831680,1,5811891
5839100,1,5811316
5836994,1,5811225
5836974,1,5811205
5835868,1,5811104
5837946,1,5810183
5836909,1,5810154
5836886,1,5810131
5836877,1,5810122
5835853,1,5810104
5835852,1,5810103
5835847,1,5810098
5835836,1,5810087
5835826,1,5810077
5835823,1,5810074
5835810,1,5810061
5835805,1,5810056
5832664,1,5809918
5832652,1,5809907
5832618,1,5809873
5832617,1,5809872
5832606,1,5809861
5832599,1,5809854
5836851,1,5809112
5836850,1,5809111
5836842,1,5809103
5836825,1,5809086
5836810,1,5809071
5835795,1,5809061
5835761,1,5809027
5835749,1,5809015
5835747,1,5809013
5832578,1,5808849
5832577,1,5808848
5832556,1,5808827
5832554,1,5808825
5832553,1,5808824
5832545,1,5808816
5832544,1,5808815
5832543,1,5808814
5832537,1,5808808
5861500,1,5851215
5861499,1,5851214
5861479,1,5850217
5861478,1,5850216
5859313,1,5850061
5862432,1,5849206
5861398,1,5849160
5863412,1,5848227
5862361,1,5848152
5861354,1,5848135
5863360,1,5847194
5863334,1,5847168
5863333,1,5847167
5862307,1,5847117
5863277,1,5846130
5859087,1,5845912
5862009,1,5841917
5861966,1,5841874
5864032,1,5841004
5861817,1,5838776
5831741,1,5811951
5831740,1,5811950
5831719,1,5811930
5842998,1,6044994
5852522,1,6044987
5840084,1,6044925
5834662,1,6044430
5833602,1,6044429
5834591,1,6044410
5832468,1,6044408
5834522,1,6043919
5860152,1,6043414
5835498,1,5804834
5835499,1,5804835
5842770,1,5868711
5842769,1,5868710
5842935,1,5854338
5841073,1,5808326
5841223,1,6044945
5843518,1,6037576
5856030,1,6037068
5837135,1,6037023
5835224,1,5817366
5838242,1,5814411
5835882,1,5811118
5835599,1,5805914
5847256,1,5857653
5847255,1,5857652
5857789,1,5856281
5847143,1,5855601
5857678,1,5855199
5857677,1,5855198
5857676,1,5855197
5857675,1,5855196
5846859,1,5867914
5856186,1,5864380
5856982,1,5860326
5856981,1,5860325
5843026,1,5856369
5856649,1,5855146
5865695,1,5851494
5836215,1,5816369
5835939,1,5812156
5836555,1,5804886
5838274,1,5814443
5842020,1,6044400
5860353,1,6043942
5852184,1,6038088
5850981,1,6037584
5853884,1,6037050
5860227,1,5848017
5860879,1,5840810
5860817,1,5839769
5860788,1,5839741
5860733,1,5838704
5860653,1,5837647
5839635,1,5819722
5838356,1,5816496
5839935,1,5807211
5839779,1,5805090
5864764,1,5853505
5859500,1,5853190
5859499,1,5853189
5865738,1,5852518
5864727,1,5852487
5864703,1,5852463
5864696,1,5852456
5859482,1,5852189
5859476,1,5852184
5859466,1,5852174
5859446,1,5852154
5864689,1,5851469
5864677,1,5851458
5864656,1,5851437
5864649,1,5851430
5864648,1,5851429
5864644,1,5851425
5864635,1,5851416
5859376,1,5851104
5866751,1,5850529
5864585,1,5850386
5864583,1,5850384
5864574,1,5850375
5864569,1,5850370
5864561,1,5850362
5859329,1,5850077
5859308,1,5850056
5864560,1,5849382
5864527,1,5849349
5861424,1,5849185
5861423,1,5849184
5859234,1,5849003
5859226,1,5848995
5864458,1,5848297
5864430,1,5847288
5860154,1,5846965
5867527,1,5846379
5866476,1,5846332
5866475,1,5846331
5866470,1,5846326
5866469,1,5846325
5866468,1,5846324
5866466,1,5846322
5866465,1,5846321
5865380,1,5846281
5864352,1,5846229
5864349,1,5846226
5864337,1,5846214
5864332,1,5846209
5864331,1,5846208
5864322,1,5846199
5859044,1,5845869
5867516,1,5845391
5865327,1,5845249
5865315,1,5845237
5857541,7,5869600
5855477,1,5869488
5855476,1,5869487
5855465,1,5869476
5854419,1,5869406
5844754,1,5866807
5843697,1,5866727
5857323,1,5865511
5844589,1,5864705
5844587,1,5864703
5844583,1,5864699
5844582,1,5864698
5857145,1,5863392
5843427,1,5862579
5842412,1,5862540
5843334,1,5861519
5843333,1,5861518
5842330,1,5861491
5842303,1,5861464
5844362,1,5860604
5844360,1,5860602
5844359,1,5860601
5844358,1,5860600
5844357,1,5860599
5843288,1,5860506
5843286,1,5860504
5843284,1,5860502
5843283,1,5860501
5843234,1,5859485
5843233,1,5859484
5844223,1,5858530
5844185,1,5858492
5843146,1,5858429
5843145,1,5858428
5843144,1,5858427
5857842,1,5857303
5854581,1,5855030
5854578,1,5855027
5843940,1,5854368
5843939,1,5854367
5843938,1,5854366
5849192,1,5853664
5849191,1,5853663
5865558,1,5849399
5865460,1,5847342
5865444,1,5847326
5865436,1,5847318
5865371,1,5846272
5864309,1,5846186
5864289,1,5845187
5834182,1,5817324
5830877,1,5814978
5830868,1,5813986
5830861,1,5813979
5837651,1,5804974
5865314,1,5845236
5865312,1,5845234
5865286,1,5845208
5865284,1,5845206
5864286,1,5845184
5864274,1,5845172
5864258,1,5845156
5864238,1,5845136
5860048,1,5844904
5860017,1,5844873
5859024,1,5844868
5859000,1,5844844
5858999,1,5844843
5858981,1,5844825
5866354,1,5844251
5865274,1,5844216
5865270,1,5844212
5865262,1,5844204
5865248,1,5844190
5865242,1,5844184
5865241,1,5844183
5865235,1,5844177
5865233,1,5844175
5864227,1,5844145
5864226,1,5844144
5864225,1,5844143
5864224,1,5844142
5864223,1,5844141
5864221,1,5844139
5864216,1,5844134
5864215,1,5844133
5864214,1,5844132
5864208,1,5844126
5864182,1,5844100
5859954,1,5843833
5858941,1,5843804
5866294,1,5843211
5865176,1,5843138
5865171,1,5843133
5865170,1,5843132
5865166,1,5843128
5864169,1,5843107
5864139,1,5843077
5864115,1,5843053
5859927,1,5842830
5859920,1,5842823
5859880,1,5842783
5867300,1,5842244
5867299,1,5842243
5867283,1,5842227
5866230,1,5842165
5866197,1,5842132
5865137,1,5842117
5865111,1,5842091
5865083,1,5842063
5859863,1,5841789
5859862,1,5841788
5859858,1,5841784
5859857,1,5841783
5859856,1,5841782
5859855,1,5841781
5865018,1,5841013
5867172,1,5840154
5866093,1,5840061
5864997,1,5840011
5859737,1,5839702
5866061,1,5839046
5865997,1,5838983
5864939,1,5838970
5859648,1,5838629
5859646,1,5838627
5867007,1,5838034
5865992,1,5837997
5864882,1,5837934
5864861,1,5837913
5864852,1,5837904
5864850,1,5837902
5864836,1,5837888
5849125,1,5870139
5849091,1,5870105
5844914,1,5869871
5857539,1,5869598
5850240,1,5869199
5850203,1,5869164
5850182,1,5869143
5850174,1,5869135
5844837,1,5868826
5844836,1,5868825
5857512,1,5868603
5855427,1,5868470
5848981,1,5868067
5848962,1,5868048
5846899,1,5867954
5845813,1,5867852
5858453,1,5867601
5856416,1,5867516
5852236,1,5867246
5852225,1,5867235
5852207,1,5867217
5851157,1,5867173
5848939,1,5867060
5846849,1,5866935
5858430,1,5866610
5855260,1,5866368
5852162,1,5866207
5851082,1,5866132
5851081,1,5866131
5846740,1,5865859
5846739,1,5865858
5852093,1,5865173
5852065,1,5865145
5852062,1,5865142
5852060,1,5865140
5849917,1,5865012
5847729,1,5864904
5846700,1,5864850
5842516,1,5864584
5852040,1,5864153
5852028,1,5864141
5852026,1,5864139
5852004,1,5864117
5851996,1,5864109
5851987,1,5864100
5850929,1,5864045
5850926,1,5864042
5850925,1,5864041
5849907,1,5864033
5849903,1,5864029
5849898,1,5864025
5849881,1,5864008
5849879,1,5864006
5849878,1,5864005
5849859,1,5863986
5848729,8,5863955
5843492,1,5863613
5858188,1,5863459
5855080,1,5863279
5855061,1,5863260
5851944,1,5863090
5850876,1,5863024
5849819,1,5862979
5849791,1,5862951
5849789,1,5862949
5849781,1,5862941
5848658,1,5862917
5846557,1,5862767
5855025,1,5862255
5850830,1,5862012
5850809,1,5861991
5849765,1,5861960
5867071,1,5839075
5864835,1,5837887
5830700,1,5811851
5844753,1,6038097
5842413,1,6037558
5835925,1,6036982
5851540,1,5856884
5836467,7,5819571
5830397,1,5806632
5851283,1,5869231
5851282,1,5869230
5847992,1,5869039
5846965,1,5868987
5851252,1,5868233
5851240,1,5868222
5854334,1,5867386
5853300,1,5867327
5852258,1,5867267
5852240,1,5867250
5852208,1,5867218
5852206,7,5867216
5852199,1,5867209
5854227,1,5866311
5852164,7,5866209
5852133,3,5866178
5854161,1,5865277
5850390,1,5855777
5856640,1,5855137
5851446,1,5854854
5849273,1,5854711
5849263,1,5854701
5849245,1,5854683
5856595,1,5854124
5851350,1,5853790
5849178,1,5853650
5866832,1,5851590
5866831,1,5851589
5866577,1,5847413
5861158,1,5845984
5860060,1,5844916
5867391,7,5844291
5867390,7,5844290
5864235,1,5844153
5867367,1,5843290
5867270,1,5842214
5866113,1,5840081
5859711,1,5839676
5859670,1,5838651
5866918,1,5836969
5838512,1,5818620
5836316,1,5817454
5836208,2,5816362
5836170,1,5815338
5837139,1,5814318
5837138,1,5814317
5836120,1,5814304
5840307,1,5813480
5840301,1,5813474
5837085,7,5813279
5832854,1,5813059
5837021,1,5812233
5835948,8,5812165
5834883,1,5812101
5832770,5,5811992
5831639,1,5810866
5835863,1,5810113
5832642,1,5809897
5835797,1,5809063
5834555,1,5806858
5832361,7,5805678
5839819,1,5805129
5836578,1,5804909
5835526,7,5804861
5852023,1,5864136
5852003,1,5864116
5851999,1,5864112
5849852,1,5863979
5849841,8,5863968
5846628,1,5863807
5844528,1,5863673
5855097,1,5863296
5854062,1,5863237
5854034,1,5863209
5851958,7,5863104
5851941,1,5863087
5853970,1,5862176
5843342,1,5861527
5850779,1,5860996
5843320,1,5860538
5842282,1,5860476
5855872,1,5859224
5850594,1,5858881
5850582,1,5858869
5851590,1,5857903
5848345,7,5857765
5843121,7,5857435
5843078,1,5857392
5854719,1,5857108
5854693,1,5857082
5851454,1,5855832
5855606,1,5855079
5855605,1,5855078
5851434,1,5854842
5851396,1,5854804
5846059,1,5854528
5855576,1,5854080
5861480,22,5850218
5860376,1,5850124
5864528,1,5849350
5859883,1,5842786
5859881,1,5842784
5859823,1,5841749
5866989,1,5838016
5866920,1,5836971
5852114,1,5865194
5852112,8,5865192
5852111,1,5865191
5852106,7,5865186
5852095,8,5865175
5852059,1,5865139
5851045,1,5865129
5851027,1,5865111
5853103,1,5864225
5852030,1,5864143
5852024,1,5864137
5839661,1,5819748
5850606,1,5858893
5830487,1,5808688
5830486,1,5808687
5837816,1,5808087
5831462,1,5807742
5831452,1,5807732
5831435,1,5807715
5830451,1,5807670
5830450,1,5807669
5830448,1,5807667
5830420,1,5807639
5831402,1,5806698
5831394,1,5806690
5831393,1,5806689
5831375,1,5806671
5831370,1,5806666
5830346,1,5806581
5831340,1,5805653
5831330,1,5805644
5831320,1,5805634
5831308,1,5805622
5831294,1,5805608
5830306,1,5805559
5830287,1,5805540
5830284,1,5805537
5830273,1,5805526
5833400,1,5804734
5830255,1,5804525
5837412,3,5818528
5835328,1,5818453
5839444,8,5816578
5830983,1,5816070
5837222,1,5815385
5832956,1,5815128
5839301,3,5814464
5837185,1,5814364
5837184,1,5814363
5840313,1,5813486
5838160,1,5813345
5837115,1,5813309
5836039,1,5813239
5836022,1,5813222
5836966,1,5811197
5834854,1,5811091
5833697,1,5809947
5831553,1,5809796
5834635,1,5807921
5835560,1,5805877
5830315,1,5805568
5841905,1,5805208
5836587,1,5804918
5846726,1,5865845
5858360,1,5865572
5856283,1,5865447
5855205,1,5865345
5855204,1,5865344
5852120,1,5865199
5849936,1,5865031
5848811,1,5865002
5848809,1,5865000
5848807,1,5864999
5848783,1,5864976
5848782,1,5864975
5847709,1,5864884
5846675,1,5864825
5843562,1,5864654
5842485,1,5864553
5842484,1,5864552
5858261,1,5864503
5856175,1,5864369
5852053,1,5864165
5852032,1,5864145
5849897,1,5864024
5848740,1,5863964
5848735,1,5863960
5848698,1,5863924
5846611,1,5863790
5846601,1,5863780
5846597,1,5863776
5843462,1,5863583
5857149,1,5863396
5856151,1,5863374
5856104,1,5863327
5851970,1,5863116
5850879,1,5863027
5850878,1,5863026
5849794,1,5862954
5857525,1,6038663
5855250,1,6038074
5834063,1,6037526
5849778,1,5862938
5848626,1,5862885
5848607,1,5862866
5846580,1,5862790
5846575,1,5862785
5846554,1,5862764
5846549,1,5862759
5846548,1,5862758
5844467,1,5862643
5844466,1,5862642
5844465,1,5862641
5844464,1,5862640
5843416,1,5862568
5858171,1,5862473
5855027,1,5862257
5853979,1,5862185
5849748,1,5861944
5849723,1,5861919
5848591,1,5861884
5842305,1,5861466
5856021,1,5861308
5856020,1,5861307
5850726,1,5860943
5849675,1,5860907
5849674,1,5860906
5849673,1,5860905
5849666,1,5860898
5849637,1,5860869
5843322,1,5860540
5843272,1,5860490
5843269,1,5860487
5854911,1,5860207
5854910,1,5860206
5849628,1,5859896
5849627,1,5859895
5849626,1,5859894
5849606,1,5859875
5849605,1,5859874
5849598,1,5859867
5849582,1,5859851
5857935,1,5859335
5856895,1,5859271
5852763,1,5859043
5850625,1,5858912
5850623,1,5858910
5850619,1,5858906
5850609,1,5858896
5849554,1,5858858
5849531,1,5858835
5849522,7,5858826
5849521,1,5858825
5849509,1,5858813
5849499,1,5858803
5844195,1,5858502
5857896,1,5858328
5857869,1,5858301
5856827,1,5858235
5851593,1,5857906
5850546,1,5857866
5850531,1,5857851
5850524,1,5857844
5850516,1,5857836
5849491,1,5857828
5849467,1,5857804
5849450,1,5857787
5849437,1,5857774
5847276,1,5857673
5856761,1,5857198
5855765,1,5857178
5855732,1,5857145
5853652,1,5857017
5850503,1,5856855
5850484,1,5856836
5850477,1,5856829
5850469,1,5856821
5850466,1,5856818
5850448,1,5856800
5849409,1,5856778
5849378,1,5856747
5849373,1,5856742
5846133,1,5856539
5843010,1,5856353
5862652,1,5852365
5862651,1,5852364
5862601,1,5851334
5862376,1,5848167
5862217,1,5845067
5863921,1,5839912
5862841,1,5838824
5831186,1,5819224
5831090,1,5818144
5838092,1,5812295
5865707,1,5851506
5861411,1,5849173
5861409,1,5849171
5861408,1,5849170
5867549,1,5846401
5867538,1,5846390
5867403,1,5844303
5867402,1,5844302
5858905,1,5843768
5858903,1,5843766
5866232,1,5842167
5859875,1,5841800
5866185,1,5841135
5866184,1,5841134
5866183,1,5841133
5837472,1,5818587
5835275,1,5818400
5835274,1,5818399
5832095,1,5818215
5839460,1,5816594
5836207,1,5816361
5839377,1,5815525
5839376,1,5815524
5836107,1,5814291
5838146,1,5813331
5836030,1,5813230
5832816,1,5813021
5831748,1,5812943
5838090,1,5812293
5835934,1,5812151
5832778,1,5812000
5832756,1,5811978
5832734,1,5811956
5832733,1,5811955
5835871,1,5811107
5833775,1,5811009
5832718,1,5810957
5832717,1,5810956
5832716,1,5810955
5832708,1,5810947
5832707,1,5810946
5832706,1,5810945
5830671,1,5810837
5837990,1,5810227
5837989,1,5810226
5835813,1,5810064
5835812,1,5810063
5835811,1,5810062
5835776,1,5809042
5835775,1,5809041
5835774,1,5809040
5835768,1,5809034
5835767,1,5809033
5835744,1,5809010
5835732,1,5808015
5840974,1,5807244
5835630,1,5806931
5834558,1,5806861
5834533,1,5806836
5834532,1,5806835
5835563,1,5805880
5839773,1,5805084
5839770,1,5805081
5838699,1,5805016
5836562,1,5804893
5836538,1,5804869
5841876,1,5804196
5838627,1,5803962
5838614,1,5803949
5832228,1,5803578
5832226,1,5803576
5836721,1,5807017
5835651,1,5806952
5835650,1,5806951
5835649,1,5806950
5834598,1,5806900
5834576,1,5806879
5834549,1,5806852
5832445,1,5806746
5832407,1,5806708
5840937,1,5806223
5830325,1,5805578
5835484,1,5804820
5832308,1,5804641
5832307,1,5804640
5834363,1,5803719
5843889,1,5869822
5844683,1,5865769
5854117,1,5864263
5856999,1,5860343
5854668,1,5856088
5859767,1,5840712
5832117,1,5818237
5831992,1,5816143
5831991,1,5816142
5831000,1,5816087
5831942,1,5815105
5830749,1,5812883
5838023,1,5811245
5831653,1,5810880
5831648,1,5810875
5831647,1,5810874
5831617,1,5810844
5831599,1,5809842
5831567,1,5809810
5831465,1,5807745
5831438,1,5807718
5831298,1,5805612
5833342,1,5804677
5849139,1,5870153
5849099,1,5870113
5845968,1,5869942
5849082,1,5869131
5849074,1,5869123
5848013,1,5869060
5846980,1,5869001
5845904,1,5868910
5842782,1,5868723
5842772,1,5868713
5846906,1,5867961
5846879,1,5867934
5844767,1,5867789
5852251,1,5867261
5852243,1,5867253
5848908,1,5867030
5846802,1,5866889
5843708,1,5866738
5843658,1,5866688
5852177,1,5866222
5843851,7,5869784
5858570,1,5869653
5857553,1,5869612
5857546,1,5869605
5855514,1,5869524
5854452,1,5869439
5854450,1,5869437
5855442,1,5868485
5842696,1,5867670
5842689,1,5867663
5857418,1,5867542
5855332,1,5867408
5850085,1,5867114
5855305,1,5866413
5853200,1,5866260
5857334,1,5865521
5853152,1,5865244
5853143,7,5865235
5844609,1,5864725
5843586,1,5864677
5843545,1,5864637
5842493,1,5864561
5858795,1,5856307
5855657,1,5856102
5855656,1,5856101
5850444,1,5855830
5850431,1,5855818
5850430,1,5855817
5850417,1,5855804
5850395,1,5855782
5850394,1,5855781
5849342,1,5855747
5849305,1,5855710
5849304,1,5855709
5847117,1,5855575
5844018,1,5855417
5858725,1,5855269
5856678,1,5855175
5856672,1,5855169
5852494,1,5854895
5851432,1,5854840
5849291,1,5854727
5849275,1,5854713
5849274,1,5854712
5847087,1,5854574
5847060,1,5854547
5847051,1,5854538
5858644,1,5854221
5857595,1,5854148
5856586,1,5854115
5852459,1,5853891
5852449,1,5853882
5852447,1,5853880
5852444,1,5853877
5852432,1,5853865
5852430,1,5853863
5852415,1,5853848
5852412,1,5853845
5852171,1,5866216
5852170,1,5866215
5852150,1,5866195
5852147,1,5866192
5852132,1,5866177
5846778,1,5865897
5846777,1,5865896
5846734,1,5865853
5851035,1,5865119
5851034,1,5865118
5848790,1,5864983
5848789,1,5864982
5848747,1,5864940
5846712,1,5864862
5846704,1,5864854
5846696,1,5864846
5846695,1,5864845
5846694,1,5864844
5846693,1,5864843
5846687,1,5864837
5846679,1,5864829
5846659,1,5864809
5857244,1,5864462
5852036,1,5864149
5848696,1,5863922
5848695,1,5863921
5846638,1,5863817
5846637,1,5863816
5846613,1,5863792
5846612,1,5863791
5846606,1,5863785
5845576,1,5863740
5843460,1,5863581
5842443,1,5863540
5842441,1,5863538
5842440,1,5863537
5858210,1,5863481
5857198,1,5863445
5856109,1,5863332
5851978,1,5863123
5851972,1,5863118
5848639,1,5862898
5846552,1,5862762
5846551,1,5862761
5846550,1,5862760
5846542,1,5862752
5846528,1,5862738
5843431,1,5862583
5857109,1,5862387
5854002,1,5862208
5846522,1,5861766
5844386,1,5861595
5843392,1,5861576
5842319,1,5861480
5850760,1,5860977
5850759,1,5860976
5849667,1,5860899
5849658,1,5860890
5843268,1,5860486
5849608,1,5859877
5849576,1,5859845
5849575,1,5859844
5850614,1,5858901
5842149,1,5858409
5856832,1,5858240
5843068,1,5857382
5854681,1,5857070
5843047,1,5856390
5854616,1,5856037
5845071,1,5855494
5844014,1,5855413
5851441,1,5854849
5851440,1,5854848
5851439,1,5854847
5850272,1,5853724
5849200,1,5853672
5849168,1,5853640
5864750,1,5852510
5864749,1,5852509
5864614,1,5850415
5858262,1,5864504
5843522,1,5863642
5843496,1,5863617
5858199,1,5863470
5856156,1,5863379
5853005,1,5863156
5843451,1,5862603
5842373,1,5862501
5858162,1,5862464
5845430,1,5861660
5858086,1,5861421
5846449,1,5860727
5845364,1,5860628
5844346,1,5860588
5844321,1,5860563
5858049,1,5860416
5848432,1,5859791
5845280,1,5859578
5843216,1,5859467
5845219,1,5858550
5845217,1,5858548
5844226,1,5858533
5857877,1,5858309
5855792,1,5858176
5854777,1,5858137
5854775,7,5858135
5854737,1,5858097
5847278,7,5857675
5857824,1,5857285
5852630,1,5856971
5846184,1,5856590
5844106,1,5856472
5843053,1,5856396
5857785,1,5856277
5852575,1,5855948
5856627,1,5855124
5842894,1,5854298
5853466,7,5853923
5865839,1,5853600
5859469,1,5852177
5864532,1,5849354
5866586,1,5848406
5866535,1,5847372
5838317,1,5815471
5841406,1,5813573
5833892,1,5813092
5833849,1,5812065
5833639,1,5808905
5832572,1,5808843
5834607,1,5807893
5837777,1,5807065
5834511,1,5805832
5852407,1,5853840
5852400,1,5853833
5852393,1,5853826
5851375,1,5853815
5850298,1,5853750
5850296,1,5853748
5850287,1,5853739
5850283,1,5853735
5850274,1,5853726
5849221,1,5853691
5849211,1,5853683
5849182,1,5853654
5849174,1,5853646
5849163,1,5853635
5849162,7,5853634
5865843,1,5853604
5860564,1,5853248
5859383,1,5851111
5866740,1,5850518
5865664,1,5850483
5861457,1,5850195
5861456,1,5850194
5860395,1,5850143
5860394,1,5850142
5866682,1,5849482
5864518,1,5849340
5864517,1,5849339
5861389,1,5849151
5861368,1,5849130
5861367,1,5849129
5859241,1,5849010
5866610,1,5848430
5865488,1,5848350
5861338,1,5848120
5861301,1,5848083
5842283,1,5860477
5851438,1,5854846
5863738,1,5853456
5863737,1,5853455
5862486,1,5850239
5863234,1,5845108
5863157,1,5844051
5864049,1,5842005
5863040,1,5841972
5859850,1,5841776
5864031,1,5841003
5862984,1,5840931
5863789,1,5837818
5830958,1,5816045
5830758,1,5812892
5830726,1,5811877
5830687,1,5811838
5831500,1,5808762
5831487,1,5808749
5830432,1,5807651
5832264,1,5803614
5856679,1,6044991
5830535,1,6044914
5859869,1,6042398
5849007,1,6038654
5852048,1,6037585
5851984,1,6037568
5846523,1,6037545
5849153,1,5870166
5849140,1,5870154
5849120,1,5870134
5849119,1,5870133
5849106,1,5870120
5849105,1,5870119
5849104,1,5870118
5849103,1,5870117
5849101,1,5870115
5847039,1,5870029
5847034,1,5870024
5847010,1,5870000
5847009,1,5869999
5865605,1,5849445
5864550,1,5849372
5864438,1,5848277
5865300,1,5845222
5867419,1,5844319
5867417,1,5844317
5866327,1,5844224
5865160,1,5843122
5867211,1,5841173
5860884,1,5840814
5867121,1,5840104
5864925,1,5838956
5866986,1,5838013
5860638,1,5837632
5841826,1,5819902
5841825,1,5819901
5841824,1,5819900
5861294,1,5848076
5861293,1,5848075
5866529,1,5847366
5861292,1,5847095
5861291,1,5847094
5867521,1,5846373
5866501,1,5846357
5865406,1,5846307
5861187,1,5846013
5867459,1,5845335
5866407,1,5845283
5864248,1,5845146
5861131,1,5844980
5860040,1,5844896
5847008,1,5869998
5846989,1,5869979
5845984,1,5869958
5845972,1,5869946
5845970,1,5869944
5845969,1,5869943
5844902,1,5869859
5843877,1,5869810
5852391,1,5869331
5852383,1,5869324
5852381,1,5869322
5852379,1,5869320
5852378,1,5869319
5850238,1,5869198
5850237,1,5869197
5850229,1,5869190
5849055,1,5869104
5849051,1,5869100
5849050,1,5869099
5849049,1,5869098
5849028,1,5869077
5849022,1,5869071
5846972,1,5868994
5845916,1,5868922
5845909,1,5868915
5855440,1,5868483
5852324,1,5868298
5852316,1,5868291
5852301,1,5868276
5852293,1,5868268
5852292,1,5868267
5852287,1,5868262
5852274,1,5868249
5852272,1,5868247
5851203,1,5868185
5850166,1,5868161
5850164,1,5868159
5849011,1,5868096
5849010,1,5868095
5848987,1,5868073
5848986,1,5868072
5848980,1,5868066
5848979,1,5868065
5848976,1,5868062
5847914,1,5867994
5846905,1,5867960
5846904,1,5867959
5846903,1,5867958
5846891,1,5867946
5846862,1,5867917
5844814,1,5867836
5856413,1,5867513
5855328,1,5867404
5853248,1,5867276
5852242,1,5867252
5852230,1,5867240
5852229,1,5867239
5848923,1,5867045
5848919,1,5867041
5848918,1,5867040
5848912,1,5867034
5846829,1,5866916
5846825,1,5866912
5846814,1,5866901
5846810,1,5866897
5846801,1,5866888
5842659,1,5866665
5858437,1,5866616
5857348,1,5866504
5856352,1,5866484
5856350,1,5866482
5855284,1,5866392
5852168,1,5866213
5852131,1,5866176
5851118,1,5866167
5848860,1,5866018
5848857,1,5866015
5848840,1,5865998
5848821,1,5865979
5846776,1,5865895
5846775,1,5865894
5846742,1,5865861
5846727,1,5865846
5841695,1,5818786
5841668,1,5817774
5841664,1,5817770
5841656,1,5817762
5839501,1,5817619
5840500,1,5816628
5835133,1,5816291
5831961,1,5816112
5830955,1,5816042
5835122,1,5815293
5841489,1,5814640
5841481,1,5814632
5832823,1,5813028
5830741,1,5812875
5830725,1,5811876
5840186,1,5811396
5834802,1,5811039
5832685,1,5810924
5830659,1,5810826
5836907,1,5810152
5836906,1,5810151
5836905,1,5810150
5830377,1,5806612
5838753,1,5806051
5838751,1,5806049
5831312,1,5805626
5867433,1,5844333
5867418,1,5844318
5865257,1,5844199
5865253,1,5844195
5861085,1,5843956
5867341,1,5843264
5867333,1,5843256
5867331,1,5843254
5861000,1,5842893
5860998,1,5842891
5860973,1,5842866
5860965,1,5842858
5859937,1,5842840
5860943,1,5841856
5860936,1,5841849
5860923,1,5841836
5859841,1,5841767
5864958,1,5839972
5864924,1,5838955
5843860,1,5869793
5843799,1,5868764
5856841,1,5858249
5857837,1,5857298
5844087,1,5856454
5858789,1,5856301
5856700,1,5856169
5858865,1,5842748
5833087,1,5817229
5835760,1,5809026
5836794,1,5808073
5836752,1,5808031
5847971,1,5869018
5845892,1,5868898
5843845,1,5868809
5847922,1,5868002
5847918,1,5867998
5847904,1,5867984
5847903,1,5867983
5847902,1,5867982
5845846,1,5867885
5851178,1,5867194
5851177,1,5867193
5847834,1,5866946
5858393,1,5866573
5857353,1,5866509
5848826,1,5865984
5848825,1,5865983
5848819,1,5865977
5848818,1,5865976
5846735,1,5865854
5857324,1,5865512
5851030,1,5865114
5851029,1,5865113
5851021,1,5865105
5847706,1,5864881
5846661,1,5864811
5845649,1,5864783
5845648,1,5864782
5843539,1,5864631
5843538,1,5864630
5843537,1,5864629
5857232,1,5864450
5849850,1,5863977
5858215,1,5863486
5858214,1,5863485
5857203,1,5863449
5857202,1,5863448
5857201,1,5863447
5857164,1,5863411
5857158,1,5863405
5845493,1,5862689
5848599,1,5861892
5848598,1,5861891
5847507,1,5861776
5847505,1,5861774
5847504,1,5861773
5857047,1,5861358
5854987,1,5861250
5850735,1,5860952
5851753,1,5860000
5850677,1,5859929
5848451,1,5859810
5850585,1,5858872
5854753,1,5858113
5850574,1,5857894
5847262,1,5857659
5848256,1,5856706
5851459,1,5855837
5847167,1,5855625
5856644,1,5855141
5842931,1,5854335
5855533,1,5854038
5849159,1,5853631
5865862,1,5853622
5859435,1,5852143
5831854,1,5814034
5831848,1,5814028
5831846,4,5814026
5831845,1,5814025
5831841,1,5814021
5831838,1,5814018
5831835,1,5814015
5831829,1,5814009
5830833,1,5813951
5831807,1,5813001
5831806,1,5813000
5831800,1,5812995
5831757,1,5812952
5831751,1,5812946
5831746,1,5812941
5831745,1,5812940
5830798,1,5812932
5830790,1,5812924
5830789,1,5812923
5830770,1,5812904
5830767,1,5812901
5830766,1,5812900
5830756,1,5812890
5830748,1,5812882
5830747,1,5812881
5831734,1,5811945
5831733,1,5811944
5831723,1,5811934
5831722,1,5811933
5831716,1,5811927
5831712,1,5811923
5831711,1,5811922
5831708,1,5811919
5831705,1,5811916
5831700,1,5811911
5831687,1,5811898
5830731,1,5811882
5830718,1,5811869
5830717,1,5811868
5830710,1,5811861
5830701,1,5811852
5830691,1,5811842
5833793,1,5811027
5833792,1,5811026
5831668,1,5810895
5831667,1,5810894
5831663,1,5810890
5831662,1,5810889
5831655,1,5810882
5831654,1,5810881
5831625,1,5810852
5831618,1,5810845
5830637,1,5810804
5830626,1,5810793
5830608,1,5810775
5830585,1,5809767
5830575,1,5809757
5830549,1,5809731
5831542,1,5808803
5831513,1,5808775
5831499,1,5808761
5831496,1,5808758
5831490,1,5808752
5830515,1,5808716
5830510,1,5808711
5830497,1,5808698
5830496,1,5808697
5830492,1,5808693
5830475,1,5808676
5831419,1,5807699
5830438,1,5807657
5830435,1,5807654
5830427,1,5807646
5830408,1,5807627
5833509,1,5806808
5833493,1,5806792
5831397,1,5806693
5831382,1,5806678
5831364,1,5806660
5831362,1,5806658
5831355,1,5806651
5831354,1,5806650
5830400,1,5806635
5830362,1,5806597
5830357,1,5806592
5830353,1,5806588
5830351,1,5806586
5830349,1,5806584
5832378,1,5805695
5831338,1,5805652
5831335,1,5805649
5831324,1,5805638
5831323,1,5805637
5831318,1,5805632
5831301,1,5805615
5831278,1,5805592
5831277,1,5805591
5830289,1,5805542
5830279,1,5805532
5830276,1,5805529
5833348,1,5804683
5831252,1,5804583
5831242,1,5804573
5831241,1,5804572
5831229,1,5804560
5830262,1,5804532
5830225,1,5804495
5833298,1,5803651
5833297,1,5803650
5832260,1,5803610
5832259,1,5803609
5832251,1,5803601
5832249,1,5803599
5845943,1,5869917
5844890,1,5869847
5842834,1,5869743
5845887,1,5868893
5844784,1,5867806
5842729,1,5867703
5857416,1,5867540
5844715,1,5866769
5843572,1,5864664
5842513,1,5864581
5854125,1,5864271
5842358,1,5862486
5854999,1,5862229
5855935,1,5860255
5844263,1,5859538
5855758,3,5857171
5849384,1,5856753
5843045,1,5856388
5843019,1,5856362
5858772,1,5856284
5856742,1,5856211
5853566,1,5855963
5843998,1,5855397
5842975,1,5855350
5843948,1,5854376
5842907,1,5854311
5858686,1,5854263
5861399,1,5849161
5865484,1,5848346
5832230,1,5803580
5832223,1,5803573
5867400,1,5844300
5861018,1,5842911
5833244,1,5819353
5832189,1,5819294
5832173,1,5819278
5831166,1,5819204
5831148,1,5819186
5830178,1,5819155
5833154,1,5818279
5832116,1,5818236
5831122,1,5818176
5831117,1,5818171
5831103,1,5818157
5831091,1,5818145
5831085,1,5818139
5830134,1,5818126
5830125,1,5818118
5830124,1,5818117
5833126,1,5817268
5833105,1,5817247
5833100,1,5817242
5833096,1,5817238
5833080,1,5817222
5832067,1,5817203
5832062,1,5817198
5832057,1,5817193
5832056,1,5817192
5832038,1,5817174
5832037,1,5817173
5832024,1,5817160
5831034,1,5817105
5831018,1,5817089
5848073,1,5870088
5831012,1,5817083
5833052,1,5816210
5831988,1,5816139
5831965,1,5816116
5831964,1,5816115
5830995,1,5816082
5830977,1,5816064
5830976,1,5816063
5831902,1,5815066
5831901,1,5815065
5831855,1,5814035
5863385,1,5847219
5863384,1,5847218
5863383,1,5847217
5863378,1,5847212
5863370,1,5847204
5863363,1,5847197
5863356,1,5847190
5863352,1,5847186
5863350,1,5847184
5863348,1,5847182
5863344,1,5847178
5863331,1,5847165
5862349,1,5847159
5862348,1,5847158
5862347,1,5847157
5862346,1,5847156
5862344,1,5847154
5851908,1,5862087
5846093,1,5855532
5864620,1,5850421
5865393,1,5846294
5861139,1,5844988
5861033,1,5843904
5866271,1,5843188
5865953,1,5837959
5862985,1,5840932
5862968,1,5840915
5862967,1,5840914
5862966,1,5840913
5862961,1,5840908
5862959,1,5840906
5862958,1,5840905
5862955,1,5840902
5862950,1,5840897
5861958,1,5840881
5861955,1,5840878
5861935,1,5840858
5861929,1,5840852
5861928,1,5840851
5861927,1,5840850
5861926,1,5840849
5861914,1,5840837
5861913,1,5840836
5861912,1,5840835
5861911,1,5840834
5861910,1,5840833
5861909,1,5840832
5863969,1,5839960
5863968,1,5839959
5863951,1,5839942
5863927,1,5839918
5863924,1,5839915
5863923,1,5839914
5863922,1,5839913
5862931,1,5839898
5862923,1,5839890
5862895,1,5839862
5862878,1,5839845
5862873,1,5839840
5862872,1,5839839
5862871,1,5839838
5861895,1,5839837
5861891,1,5839834
5861888,1,5839831
5861887,1,5839830
5861886,1,5839829
5861880,1,5839823
5861879,1,5839822
5861876,1,5839819
5861875,1,5839818
5861874,1,5839817
5861864,1,5839807
5861859,1,5839802
5861856,1,5839799
5861855,1,5839798
5861854,1,5839797
5861850,1,5839793
5861846,1,5839789
5861831,1,5839774
5863906,1,5838913
5863905,1,5838912
5863901,1,5838908
5863895,1,5838902
5863892,1,5838899
5863885,1,5838892
5863867,1,5838874
5863866,1,5838873
5863865,1,5838872
5863864,1,5838871
5863862,1,5838869
5863852,1,5838859
5863850,1,5838857
5863849,1,5838856
5862866,1,5838849
5862862,1,5838845
5862851,1,5838834
5862846,1,5838829
5862844,1,5838827
5862828,1,5838811
5862817,1,5838800
5862816,1,5838799
5862814,1,5838797
5851813,1,5861026
5862811,1,5838794
5862807,1,5838790
5862806,1,5838789
5861827,1,5838786
5861825,1,5838784
5861815,1,5838774
5861814,1,5838773
5861796,1,5838755
5861794,1,5838753
5861793,1,5838752
5861792,1,5838751
5861791,1,5838750
5861790,1,5838749
5861789,1,5838748
5861785,1,5838744
5861784,1,5838743
5861783,1,5838742
5861782,1,5838741
5861781,1,5838740
5836527,1,6043883
5860595,1,5853279
5860411,1,5850159
5860390,1,5850138
5860386,1,5850134
5860661,1,5837655
5835340,1,5819450
5837354,1,5817487
5835188,1,5816346
5835152,1,5816310
5836139,1,5815307
5837188,1,5814367
5836043,1,5813243
5836007,1,5813207
5837042,1,5812254
5835998,1,5812215
5835965,1,5812182
5835959,1,5812176
5836844,1,5809105
5836653,1,5805965
5836642,1,5805954
5836546,1,5804877
5836545,1,5804876
5862340,1,5847150
5862339,1,5847149
5862338,1,5847148
5862334,1,5847144
5862333,1,5847143
5862332,1,5847142
5862325,1,5847135
5862322,1,5847132
5862317,1,5847127
5862316,1,5847126
5862315,1,5847125
5862314,1,5847124
5862313,1,5847123
5862305,1,5847115
5862302,1,5847112
5862288,1,5847098
5860218,1,5847028
5863320,1,5846173
5863296,1,5846149
5863295,1,5846148
5863283,1,5846136
5863282,1,5846135
5863281,1,5846134
5863273,1,5846126
5863271,1,5846124
5863266,1,5846119
5863261,1,5846114
5862284,1,5846113
5862277,1,5846106
5862254,1,5846083
5862251,1,5846080
5862250,1,5846079
5862249,1,5846078
5862247,1,5846076
5862246,1,5846075
5862244,1,5846073
5862230,1,5846059
5862225,1,5846054
5862224,1,5846053
5863245,1,5845119
5863244,1,5845118
5863236,1,5845110
5863209,1,5845083
5863203,1,5845077
5863202,1,5845076
5863196,1,5845070
5862219,1,5845069
5862215,1,5845065
5862214,1,5845064
5862213,1,5845063
5862201,1,5845051
5862199,1,5845049
5862184,1,5845034
5862176,1,5845026
5862175,1,5845025
5862174,1,5845024
5862173,1,5845023
5863182,1,5844076
5863179,1,5844073
5863177,1,5844071
5863175,1,5844069
5863173,1,5844067
5863171,1,5844065
5863167,1,5844061
5863166,1,5844060
5863165,1,5844059
5863160,1,5844054
5863149,1,5844043
5863131,1,5844025
5862152,1,5844022
5862146,1,5844016
5862145,1,5844015
5862144,1,5844014
5862137,1,5844007
5862123,1,5843993
5862118,1,5843988
5862101,1,5843971
5859987,1,5843866
5859963,1,5843842
5835521,1,5804857
5836524,1,5803873
5835399,1,5803753
5863780,1,6044962
5860412,1,6043961
5863325,1,6043417
5862220,1,6042926
5862154,1,6042908
5862090,1,6042890
5861959,1,6042384
5861830,1,6041878
5862805,1,6041859
5861764,1,6041858
5845978,1,5869952
5845881,1,5868887
5845879,1,5868885
5846902,1,5867957
5846863,1,5867918
5845860,1,5867899
5845853,1,5867892
5845829,7,5867868
5845822,1,5867861
5846838,1,5866925
5846837,1,5866924
5845801,1,5866871
5845744,1,5866815
5858439,1,5866618
5858432,1,5866612
5853185,1,5866245
5845738,1,5865840
5845728,1,5865831
5845727,1,5865830
5845720,1,5865823
5845709,1,5865812
5845701,1,5865804
5845684,1,5865787
5845679,1,5865782
5849867,1,5863994
5846635,1,5863814
5853878,1,5860150
5854770,1,5858130
5845161,1,5857523
5853656,1,5857021
5853655,1,5857020
5850470,1,5856822
5863763,1,5853481
5863753,1,5853471
5863749,1,5853467
5863740,1,5853458
5863739,1,5853457
5863736,1,5853454
5863717,1,5853435
5862736,1,5853430
5862725,1,5853419
5862723,1,5853417
5862708,1,5853402
5862706,1,5853400
5862699,1,5853393
5862687,1,5853381
5862686,1,5853380
5863701,1,5852438
5863689,1,5852426
5863686,1,5852423
5863682,1,5852419
5863681,1,5852418
5863679,1,5852416
5863666,1,5852403
5863652,1,5852389
5862670,1,5852383
5862666,1,5852379
5862658,1,5852371
5862653,1,5852366
5862630,1,5852343
5862629,1,5852342
5862628,1,5852341
5862626,1,5852339
5862621,1,5852334
5862620,1,5852333
5862619,1,5852332
5862615,1,5852328
5863647,1,5851404
5863643,1,5851400
5863642,1,5851399
5863621,1,5851378
5863619,1,5851376
5863609,1,5851366
5863608,1,5851365
5863595,1,5851352
5863591,1,5851348
5863587,1,5851344
5862603,1,5851336
5862590,1,5851323
5864109,1,5843047
5863127,1,5843041
5863123,1,5843037
5863118,1,5843032
5863097,1,5843011
5863092,1,5843006
5863087,1,5843001
5863086,1,5843000
5863085,1,5842999
5863084,1,5842998
5863070,1,5842984
5862080,1,5842970
5862072,1,5842962
5862067,1,5842957
5862061,1,5842951
5862058,1,5842948
5862056,1,5842946
5862055,1,5842945
5862054,1,5842944
5862053,1,5842943
5862049,1,5842939
5862048,1,5842938
5862047,1,5842937
5862034,1,5842924
5862032,1,5842922
5864086,1,5842042
5864067,1,5842023
5864051,1,5842007
5864045,1,5842001
5864044,1,5842000
5864043,1,5841999
5864041,1,5841997
5863063,1,5841995
5863062,1,5841994
5863055,1,5841987
5863045,1,5841977
5863034,1,5841966
5863033,1,5841965
5863027,1,5841959
5863020,1,5841952
5863019,1,5841951
5862021,1,5841929
5862018,1,5841926
5862016,1,5841924
5862015,1,5841923
5862014,1,5841922
5862004,1,5841912
5862003,1,5841911
5862002,1,5841910
5861998,1,5841906
5861992,1,5841900
5861985,1,5841893
5861984,1,5841892
5861981,1,5841889
5861975,1,5841883
5861974,1,5841882
5861963,1,5841871
5861962,1,5841870
5859831,1,5841757
5864035,1,5841007
5864014,1,5840986
5864013,1,5840985
5862589,1,5851322
5862588,1,5851321
5862587,1,5851320
5862579,1,5851312
5862576,1,5851309
5862575,1,5851308
5862573,1,5851306
5862572,1,5851305
5862571,1,5851304
5860447,1,5851173
5864012,1,5840984
5864005,1,5840977
5864004,1,5840976
5864003,1,5840975
5864000,1,5840972
5863999,1,5840971
5863998,1,5840970
5863996,1,5840968
5863995,1,5840967
5863992,1,5840964
5863990,1,5840962
5863987,1,5840959
5863984,1,5840956
5863976,1,5840948
5863000,1,5840947
5862993,1,5840940
5862992,1,5840939
5863579,1,5850356
5863578,1,5850355
5863572,1,5850349
5863570,1,5850347
5863559,1,5850336
5863558,1,5850335
5863553,1,5850330
5863549,1,5850326
5863545,1,5850322
5863543,1,5850320
5863533,1,5850310
5862542,1,5850295
5862528,1,5850281
5862519,1,5850272
5862515,1,5850268
5862514,1,5850267
5862513,1,5850266
5862503,1,5850256
5862494,1,5850247
5862493,1,5850246
5862490,1,5850243
5862484,1,5850237
5860379,1,5850127
5863515,1,5849313
5863511,1,5849309
5863510,1,5849308
5863507,1,5849305
5863493,1,5849291
5863486,1,5849284
5863479,1,5849277
5863478,1,5849276
5863467,1,5849265
5863463,1,5849261
5863462,1,5849260
5863461,1,5849259
5862477,1,5849251
5862472,1,5849246
5862456,1,5849230
5862451,1,5849225
5862450,1,5849224
5862446,1,5849220
5862440,1,5849214
5862427,1,5849201
5863441,1,5848256
5863435,1,5848250
5863430,1,5848245
5863429,1,5848244
5863427,1,5848242
5863420,1,5848235
5863419,1,5848234
5863418,1,5848233
5863415,1,5848230
5863414,1,5848229
5863413,1,5848228
5863411,1,5848226
5863408,1,5848223
5863405,1,5848220
5863403,1,5848218
5863402,1,5848217
5863396,1,5848211
5863395,1,5848210
5863394,1,5848209
5863393,1,5848208
5862405,1,5848196
5862392,1,5848183
5862391,1,5848182
5862388,1,5848179
5862379,1,5848170
5862372,1,5848163
5862357,1,5848148
5862356,1,5848147
5862355,1,5848146
5862351,1,5848142
5831564,1,5809807
5845987,1,5869961
5858514,1,5868629
5855426,1,5868469
5844737,1,5866791
5845641,1,5864775
5854149,1,5864294
5846411,1,5860689
5852826,1,5860074
5842157,1,5859384
5842880,1,5854284
5860153,1,5846964
5864181,1,5844099
5842049,22,5841695
5859623,1,5838604
5841650,1,5817756
5834165,1,5817307
5832055,1,5817191
5836142,1,5815310
5841245,1,5811449
5841244,1,5811448
5839875,1,5806167
5837660,1,5804983
5833321,1,5803674
5833316,1,5803669
5833280,1,5803633
5833277,1,5803630
5858304,1,6037591
5844558,1,6037577
5851914,1,6037551
5843259,1,6037039
5840218,1,6036988
5833233,1,5819342
5833169,1,5818294
5833168,1,5818293
5832008,1,5816158
5832992,1,5815164
5833384,1,5804719
5833379,1,5804714
5833365,1,5804700
5856238,1,5865402
5857133,1,5862411
5867250,1,5842194
5835954,1,5812171
5835894,1,5811130
5835620,1,5806921
5835531,1,5804866
5860486,1,6044452
5841430,1,5814581
5860266,1,5848056
5860160,1,5846971
5840656,1,5818752
5846945,1,5868967
5845674,1,5864807
5846596,1,5863775
5863755,1,5853473
5863754,1,5853472
5862713,1,5853407
5863680,1,5852417
5863661,1,5852398
5862617,1,5852330
5863646,1,5851403
5863593,1,5851350
5862600,1,5851333
5862599,1,5851332
5862598,1,5851331
5862597,1,5851330
5862596,1,5851329
5862595,1,5851328
5862584,1,5851317
5862567,1,5851300
5862566,1,5851299
5862565,1,5851298
5835865,1,6044940
5835733,1,6044432
5836267,1,6038019
5854794,1,6036548
5862564,1,5851297
5862563,1,5851296
5862562,1,5851295
5862561,1,5851294
5862560,1,5851293
5862559,1,5851292
5862558,1,5851291
5862557,1,5851290
5862556,1,5851289
5862555,1,5851288
5862554,1,5851287
5862553,1,5851286
5862552,1,5851285
5862551,1,5851284
5862550,1,5851283
5862549,1,5851282
5862548,1,5851281
5862547,1,5851280
5862546,1,5851279
5860476,1,5851202
5863567,1,5850344
5862544,1,5850297
5862538,1,5850291
5862537,1,5850290
5862534,1,5850287
5862533,1,5850286
5862532,1,5850285
5862531,1,5850284
5862530,1,5850283
5862529,1,5850282
5862527,1,5850280
5862526,1,5850279
5862525,1,5850278
5862524,1,5850277
5862523,1,5850276
5862483,1,5850236
5862482,1,5850235
5863491,1,5849289
5863481,1,5849279
5862463,1,5849237
5862462,1,5849236
5862430,1,5849204
5862429,1,5849203
5862426,1,5849200
5862425,1,5849199
5862423,1,5849197
5862422,1,5849196
5862421,1,5849195
5862420,1,5849194
5862419,1,5849193
5863455,1,5848269
5863453,1,5848268
5863433,1,5848248
5863428,1,5848243
5863426,1,5848241
5862412,1,5848203
5862411,1,5848202
5863362,1,5847196
5862320,1,5847130
5863319,1,5846172
5862258,1,5846087
5862255,1,5846084
5863247,1,5845121
5863211,1,5845085
5863147,1,5844041
5863133,1,5844027
5863132,1,5844026
5862122,1,5843992
5863089,1,5843003
5863067,1,5842981
5863066,1,5842980
5862074,1,5842964
5862035,1,5842925
5864101,1,5842057
5864094,1,5842050
5864085,1,5842041
5864046,1,5842002
5863049,1,5841981
5863046,1,5841978
5863009,1,5841941
5863003,1,5841935
5864028,1,5841000
5862995,1,5840942
5858976,1,5844820
5861709,1,5837690
5861421,1,6043943
5839575,1,5818677
5835244,1,5817386
5839364,1,5815512
5831908,1,5815072
5839313,1,5814476
5839225,1,5813404
5837120,1,5813314
5836004,1,5813204
5836944,1,5811175
5857588,1,5869647
5855335,1,5867411
5858376,1,5866556
5854101,1,5864247
5854100,1,5864246
5854099,1,5864245
5857189,1,5863436
5855093,1,5863292
5848512,1,5860838
5853765,1,5859069
5853544,1,5854969
5859502,1,5853192
5861553,1,5851268
5861552,1,5851267
5861420,1,5849182
5861419,1,5849181
5861342,1,5848124
5861341,1,5848123
5861326,1,5848108
5861038,1,5843909
5858866,1,5842749
5859766,1,5840711
5861715,1,5837696
5839541,1,5817659
5839484,1,5816617
5841526,1,5815662
5839177,1,5812374
5838049,1,5811271
5838048,1,5811270
5837954,1,5810191
5849639,1,5860871
5853649,1,5857014
5856729,1,5856198
5852464,1,5854865
5855544,1,5854049
5852402,1,5853835
5861520,1,5851235
5861097,1,5844946
5867251,1,5842195
5838646,1,5803981
5835239,1,5817381
5840284,1,5812475
5831643,1,5810870
5835848,1,5810099
5843117,7,5857431
5842885,1,5854289
5860553,1,5852256
5860552,1,5852255
5863913,1,5839904
5862894,1,5839861
5861889,1,5839832
5861872,1,5839815
5861852,1,5839795
5863904,1,5838911
5863883,1,5838890
5863860,1,5838867
5862840,1,5838823
5862839,1,5838822
5862838,1,5838821
5862837,1,5838820
5862836,1,5838819
5862835,1,5838818
5862834,1,5838817
5862833,1,5838816
5862832,1,5838815
5862831,1,5838814
5862830,1,5838813
5862829,1,5838812
5862826,1,5838809
5862825,1,5838808
5862810,1,5838793
5861800,1,5838759
5861799,1,5838758
5861798,1,5838757
5863804,1,5837833
5863787,1,5837816
5862749,1,5837754
5831144,1,5819182
5840300,1,5813473
5840388,1,5814545
5838944,1,5808209
5859413,1,5851141
5835383,1,5819493
5837030,1,5812242
5836892,1,5810137
5844375,1,5861584
5853650,1,5857015
5862694,1,5853388
5862644,1,5852357
5863457,1,5849255
5863375,1,5847209
5863367,1,5847201
5862221,1,5846050
5863148,1,5844042
5864082,1,5842038
5862987,1,5840934
5862982,1,5840929
5861775,1,5838734
5835150,1,5816308
5830493,1,5808694
5831010,1,5817081
5830615,1,5810782
5830614,1,5810781
5846137,1,5856543
5845120,1,5856511
5846033,1,5854502
5858651,7,5854228
5861555,1,5851270
5860201,1,5847012
5866934,1,5836985
5862545,1,6043964
5863454,1,6043926
5863130,1,6042891
5863844,1,6041860
5855314,1,5866422
5855313,1,5866421
5848341,1,5857762
5859144,1,5846949
5835245,1,5817387
5837097,1,5813291
5837096,1,5813290
5834540,1,5806843
5836631,1,5805943
5836579,1,5804910
5835427,1,5803781
5838570,1,5819663
5835338,1,5819448
5841633,1,5817739
5839430,1,5816564
5838287,1,5815441
5841484,1,5814635
5841443,1,5814594
5839317,1,5814480
5836128,1,5814311
5841414,1,5813581
5841393,1,5813560
5841390,1,5813557
5841389,1,5813556
5841375,1,5813542
5841374,1,5813541
5841372,1,5813539
5841370,1,5813537
5866975,1,5838002
5840600,1,5817712
5841356,1,5812541
5841339,1,5812524
5837993,1,5810230
5837962,1,5810199
5837955,1,5810192
5833616,1,5808882
5837789,1,5807077
5837729,1,5806033
5835742,1,5809008
5861162,1,5845988
5861161,1,5845987
5861160,1,5845986
5858974,1,5844818
5859758,1,5840703
5859606,1,5837608
5859573,1,5837575
5832931,1,5814119
5835756,1,5809022
5835755,1,5809021
5836581,1,5804912
5836556,1,5804887
5860523,1,5852227
5866805,1,5851563
5866739,1,5850517
5865637,1,5850456
5865636,1,5850455
5865632,1,5850451
5866631,1,5848451
5860249,1,5848039
5860165,1,5846976
5860125,1,5845958
5866386,1,5844282
5866383,1,5844279
5866286,1,5843203
5866282,1,5843199
5867281,1,5842225
5864095,1,5842051
5865956,1,5837962
5860657,1,5837651
5865900,1,5836927
5865868,1,5836895
5835367,1,5819477
5836386,1,5818507
5836339,1,5818460
5837362,1,5817495
5836274,1,5817412
5837318,1,5816467
5837311,1,5816460
5837292,1,5816441
5835191,1,5816348
5835180,1,5816338
5840361,1,5814518
5841246,1,5811450
5836884,1,5810129
5835766,1,5809032
5835764,1,5809030
5835763,1,5809029
5836771,1,5808050
5840977,1,5807247
5836705,1,5807001
5836574,1,5804905
5835467,1,5804803
5847894,1,5867974
5849745,1,5861941
5856828,1,5858236
5861580,1,5852272
5858577,1,5869660
5847996,1,5869043
5845901,7,5868907
5855359,1,5867435
5847868,1,5866980
5847851,1,5866963
5847815,1,5865959
5846736,1,5865855
5845680,1,5865783
5853119,1,5865211
5847737,1,5864912
5846682,1,5864832
5842518,1,5864586
5842505,1,5864573
5856174,1,5864368
5854141,1,5864287
5855089,1,5863288
5847508,1,5861777
5847506,1,5861775
5858094,1,5861429
5854942,1,5861205
5848474,1,5859832
5854844,1,5859172
5847348,1,5858715
5847347,1,5858714
5847346,1,5858713
5848320,1,5857741
5847254,1,5857651
5843113,1,5857427
5856762,1,5857199
5854705,1,5857094
5851579,1,5856923
5847186,1,5856612
5843014,1,5856357
5856727,1,5856196
5856698,1,5856167
5856684,1,5855180
5866850,1,5852589
5865783,1,5852563
5857127,1,5862405
5856082,1,5862336
5848455,1,5859814
5856790,1,5857227
5861574,1,5852266
5861573,1,5852265
5861572,1,5852264
5860140,1,5845973
5841494,1,5814644
5841492,1,5814642
5841465,1,5814616
5841460,1,5814611
5841458,1,5814609
5841451,1,5814602
5841450,1,5814601
5841448,1,5814599
5841447,1,5814598
5841438,1,5814589
5841436,1,5814587
5840414,1,5814571
5840373,1,5814530
5840372,1,5814529
5840366,1,5814523
5840362,1,5814519
5839324,1,5814487
5839320,1,5814483
5839306,1,5814469
5839299,1,5814462
5838243,1,5814412
5835060,1,5814246
5835059,1,5814245
5835058,1,5814244
5835020,2,5814206
5833984,1,5814169
5833983,1,5814168
5833978,1,5814163
5833976,1,5814161
5833960,1,5814145
5833948,1,5814133
5833945,1,5814130
5833938,1,5814123
5832917,1,5814106
5832907,1,5814096
5832906,1,5814095
5832895,1,5814084
5831872,1,5814051
5831858,1,5814038
5831847,1,5814027
5831844,1,5814024
5831837,1,5814017
5831836,1,5814016
5831833,1,5814013
5841425,1,5813591
5841421,1,5813588
5841419,1,5813586
5841415,1,5813582
5841413,1,5813580
5841412,1,5813579
5841385,1,5813552
5841384,1,5813551
5841382,1,5813549
5841377,1,5813544
5841376,1,5813543
5841371,1,5813538
5841362,1,5813529
5841361,1,5813528
5840346,1,5813519
5839280,1,5813459
5839259,1,5813438
5839256,1,5813435
5839255,1,5813434
5839252,1,5813431
5839251,1,5813430
5839246,1,5813425
5839233,1,5813412
5839230,1,5813409
5838186,1,5813371
5837109,1,5813303
5834986,1,5813187
5834979,1,5813180
5834960,1,5813161
5834942,1,5813143
5836264,1,5816417
5835194,1,5816351
5834130,1,5816286
5834127,1,5816284
5834125,1,5816282
5834123,1,5816280
5834119,1,5816276
5834118,1,5816275
5834114,1,5816271
5834111,1,5816268
5834109,1,5816266
5834083,1,5816240
5834082,1,5816239
5834072,1,5816229
5833066,1,5816223
5833059,1,5816217
5833048,1,5816206
5833031,1,5816189
5833026,1,5816184
5833025,1,5816183
5833012,1,5816170
5831997,1,5816148
5830988,1,5816075
5830970,1,5816057
5830968,1,5816055
5830951,1,5816038
5841553,1,5815689
5841551,1,5815687
5841535,1,5815671
5841534,1,5815670
5841532,1,5815668
5841525,1,5815661
5841520,1,5815656
5841497,1,5815633
5840485,1,5815627
5840476,1,5815618
5840472,1,5815614
5840439,1,5815581
5840438,1,5815580
5840425,1,5815567
5839399,1,5815547
5839393,1,5815541
5839386,1,5815534
5839380,1,5815528
5839358,1,5815506
5838300,1,5815454
5837268,1,5815430
5837263,1,5815426
5837261,1,5815424
5837258,1,5815421
5837257,1,5815420
5836140,1,5815308
5835119,1,5815290
5835098,1,5815269
5835097,1,5815268
5835085,1,5815256
5835069,1,5815240
5835067,1,5815238
5834052,1,5815222
5834042,1,5815212
5834036,1,5815206
5834027,1,5815197
5834021,1,5815191
5834007,1,5815177
5832982,1,5815154
5832975,1,5815147
5832972,1,5815144
5831940,1,5815103
5831939,1,5815102
5831927,1,5815091
5831926,1,5815090
5831918,1,5815082
5831879,1,5815043
5832202,1,6038604
5831138,1,6038051
5866419,1,5845295
5865298,1,5845220
5864295,1,5845193
5864240,1,5845138
5860075,1,5844931
5859028,1,5844871
5859003,1,5844847
5858985,1,5844829
5866336,1,5844233
5866335,1,5844232
5865244,1,5844186
5865214,1,5844156
5865213,1,5844155
5864211,1,5844129
5864188,1,5844106
5859966,1,5843845
5859965,1,5843844
5858947,1,5843810
5840661,1,5818757
5834884,1,5812102
5834755,1,5810007
5838543,1,6038059
5837203,1,6037512
5845406,1,6037058
5857004,1,6037053
5863490,1,5849288
5863488,1,5849286
5863482,1,5849280
5863474,1,5849272
5863473,1,5849271
5862480,1,5849253
5862475,1,5849249
5862454,1,5849228
5862453,1,5849227
5862443,1,5849217
5862439,1,5849213
5862435,1,5849209
5862434,1,5849208
5862416,1,5849190
5863440,1,5848255
5863438,1,5848253
5863424,1,5848239
5863423,1,5848238
5863422,1,5848237
5863417,1,5848232
5863407,1,5848222
5862404,1,5848195
5862400,1,5848191
5862399,1,5848190
5862398,1,5848189
5862396,1,5848187
5862395,1,5848186
5862384,1,5848175
5862382,1,5848173
5862380,1,5848171
5862365,1,5848156
5862364,1,5848155
5862363,1,5848154
5863386,1,5847220
5863358,1,5847192
5863337,1,5847171
5862319,1,5847129
5862318,1,5847128
5862308,1,5847118
5862299,1,5847109
5862296,1,5847106
5862295,1,5847105
5863300,1,5846153
5863299,1,5846152
5863292,1,5846145
5863267,1,5846120
5863262,1,5846115
5862282,1,5846111
5862281,1,5846110
5862278,1,5846107
5862276,1,5846105
5862275,1,5846104
5862259,1,5846088
5862257,1,5846086
5862238,1,5846067
5862237,1,5846066
5862236,1,5846065
5862235,1,5846064
5862234,1,5846063
5859060,1,5845885
5863258,1,5845132
5863257,1,5845131
5863255,1,5845129
5863252,1,5845126
5863251,1,5845125
5863226,1,5845100
5863215,1,5845089
5863208,1,5845082
5862204,1,5845054
5862200,1,5845050
5862196,1,5845046
5862171,1,5845021
5862170,1,5845020
5862158,1,5845008
5862157,1,5845007
5864023,1,5840995
5864022,1,5840994
5864015,1,5840987
5863997,1,5840969
5862956,1,5840903
5862949,1,5840896
5862945,1,5840892
5861960,1,5840882
5861942,1,5840865
5861930,1,5840853
5861917,1,5840840
5861908,1,5840831
5861907,1,5840830
5861902,1,5840825
5861901,1,5840824
5861896,1,5840819
5862930,1,5839897
5862926,1,5839893
5862922,1,5839889
5862910,1,5839877
5862893,1,5839860
5862882,1,5839849
5861892,1,5839835
5861884,1,5839827
5861871,1,5839814
5861866,1,5839809
5861865,1,5839808
5861857,1,5839800
5861845,1,5839788
5859731,1,5839696
5831195,1,5819233
5831188,1,5819226
5831160,1,5819198
5830138,1,5819115
5831057,1,5817128
5831017,1,5817088
5831011,1,5817082
5831007,1,5816093
5838314,1,5815468
5837215,1,5815378
5831916,1,5815080
5831893,1,5815057
5830773,1,5812907
5830704,1,5811855
5830604,1,5809785
5835790,1,5809056
5831528,1,5808790
5830513,1,5808714
5832528,1,5807815
5830410,1,5807629
5831291,1,5805605
5832306,1,5804639
5830242,1,5804512
5836518,1,5803867
5832236,1,5803586
5832222,1,5803572
5832221,1,5803571
5863191,1,5844085
5863190,1,5844084
5863187,1,5844081
5863186,1,5844080
5863185,1,5844079
5863154,1,5844048
5862139,1,5844009
5862131,1,5844001
5862119,1,5843989
5862110,1,5843980
5862108,1,5843978
5862104,1,5843974
5862100,1,5843970
5863125,1,5843039
5863114,1,5843028
5863113,1,5843027
5863104,1,5843018
5863081,1,5842995
5863075,1,5842989
5863073,1,5842987
5863072,1,5842986
5862089,1,5842979
5862084,1,5842974
5862083,1,5842973
5862082,1,5842972
5862068,1,5842958
5862066,1,5842956
5862052,1,5842942
5862045,1,5842935
5862029,1,5842919
5862028,1,5842918
5864104,1,5842060
5864103,1,5842059
5864102,1,5842058
5864100,1,5842056
5864087,1,5842043
5864069,1,5842025
5864063,1,5842019
5864062,1,5842018
5863012,1,5841944
5863011,1,5841943
5862023,1,5841931
5862011,1,5841919
5862010,1,5841918
5861999,1,5841907
5861991,1,5841899
5861990,1,5841898
5861989,1,5841897
5861983,1,5841891
5861982,1,5841890
5861979,1,5841887
5861977,1,5841885
5861972,1,5841880
5861961,1,5841869
5863890,1,5838897
5863886,1,5838893
5863863,1,5838870
5863851,1,5838858
5862867,1,5838850
5862865,1,5838848
5862821,1,5838804
5862815,1,5838798
5861820,1,5838779
5861812,1,5838771
5861805,1,5838764
5861774,1,5838733
5863845,1,5837873
5863840,1,5837869
5863821,1,5837850
5863818,1,5837847
5863813,1,5837842
5863812,1,5837841
5863811,1,5837840
5863797,1,5837826
5863783,1,5837812
5862804,1,5837809
5862794,1,5837799
5862773,1,5837778
5862772,1,5837777
5862768,1,5837773
5862767,1,5837772
5862753,1,5837758
5838572,1,5819665
5838571,1,5819664
5836420,1,5819525
5835350,1,5819460
5831178,1,5819216
5831177,1,5819215
5830174,1,5819151
5830166,1,5819143
5830137,1,5819114
5841724,1,5818815
5841719,1,5818810
5841718,1,5818809
5840680,1,5818776
5840678,1,5818774
5840641,1,5818737
5832103,1,5818223
5831081,1,5818135
5831080,1,5818134
5831079,1,5818133
5841678,1,5817784
5840574,1,5817686
5840573,1,5817685
5840572,1,5817684
5831046,1,5817117
5831041,1,5817112
5839465,1,5816599
5839424,1,5816558
5839423,1,5816557
5838365,1,5816505
5836253,1,5816407
5836231,1,5816385
5836219,1,5816373
5831950,1,5816101
5830997,1,5816084
5841542,1,5815678
5840456,1,5815598
5840455,1,5815597
5840453,1,5815595
5839385,1,5815533
5839384,1,5815532
5839362,1,5815510
5839361,1,5815509
5837207,1,5815370
5830930,1,5815031
5830898,1,5814999
5830879,1,5814980
5840383,1,5814540
5836103,1,5814287
5830816,1,5813934
5840350,1,5813523
5840308,1,5813481
5840302,1,5813475
5837082,1,5813276
5834999,1,5813199
5834978,1,5813179
5831756,1,5812951
5830779,1,5812913
5830759,1,5812893
5840258,1,5812449
5840249,1,5812440
5838104,1,5812307
5837017,1,5812229
5833820,1,5812036
5830675,1,5811826
5841279,1,5811483
5841277,1,5811481
5841272,1,5811476
5841270,1,5811474
5841251,1,5811455
5841249,1,5811453
5841248,1,5811452
5840219,1,5811428
5840212,1,5811422
5840172,1,5811382
5839120,1,5811336
5838067,1,5811289
5833771,1,5811005
5833762,1,5810996
5833750,1,5810984
5830632,1,5810799
5841209,1,5810428
5841184,1,5810403
5840148,1,5810373
5840124,1,5810349
5840116,1,5810341
5840094,1,5810319
5840093,1,5810318
5840092,1,5810317
5839078,1,5810309
5839077,1,5810308
5839076,1,5810307
5839062,1,5810293
5837985,1,5810222
5837984,1,5810221
5837983,1,5810220
5837982,1,5810219
5834794,1,5810046
5833719,1,5809969
5833707,1,5809957
5833687,1,5809937
5832640,1,5809895
5830579,1,5809761
5845629,1,5864763
5846608,1,5863787
5855782,1,5858166
5841989,1,5806274
5863583,1,5850360
5863580,1,5850357
5863576,1,5850353
5863569,1,5850346
5863568,1,5850345
5863565,1,5850342
5863556,1,5850333
5863555,1,5850332
5863554,1,5850331
5863552,1,5850329
5863551,1,5850328
5863538,1,5850315
5862541,1,5850294
5862540,1,5850293
5862511,1,5850264
5862506,1,5850259
5862505,1,5850258
5862491,1,5850244
5862485,1,5850238
5830551,1,5809733
5841149,1,5809384
5841132,1,5809367
5841128,1,5809363
5841127,1,5809362
5840083,1,5809324
5840082,1,5809323
5840081,1,5809322
5840079,1,5809320
5838995,1,5809242
5833630,1,5808896
5833629,1,5808895
5831536,1,5808798
5830484,1,5808685
5841057,1,5808310
5841056,1,5808309
5841055,1,5808308
5840020,1,5808278
5840018,1,5808276
5839997,1,5808256
5839979,1,5808238
5838943,1,5808208
5838942,1,5808207
5838891,1,5808156
5838889,1,5808154
5838888,1,5808153
5838887,1,5808152
5837848,1,5808119
5837847,1,5808118
5837830,1,5808101
5835716,1,5808000
5833554,1,5807838
5831444,1,5807724
5831437,1,5807717
5866279,1,5843196
5865189,1,5843151
5865187,1,5843149
5865183,1,5843145
5864152,1,5843090
5858879,1,5842762
5858844,1,5842727
5858843,1,5842726
5841803,1,5819880
5841796,1,5819873
5841767,1,5819844
5841762,1,5819839
5840756,1,5819836
5840755,1,5819835
5840734,1,5819815
5840728,1,5819809
5840711,1,5819792
5839655,1,5819742
5839654,1,5819741
5838578,1,5819671
5831417,1,5807697
5831415,1,5807695
5830470,1,5807688
5830449,1,5807668
5841024,1,5807293
5840969,1,5807239
5840968,1,5807238
5839940,1,5807216
5839931,1,5807207
5839930,1,5807206
5839918,1,5807194
5839912,1,5807188
5839891,1,5807167
5838825,1,5807107
5837799,1,5807087
5833521,1,5806820
5833516,1,5806815
5831401,1,5806697
5831396,1,5806692
5831395,1,5806691
5830395,1,5806630
5830394,1,5806629
5842023,1,5806307
5841991,1,5806276
5841984,1,5806269
5841979,1,5806264
5840917,1,5806203
5840910,1,5806196
5840894,1,5806180
5840892,1,5806178
5839881,1,5806173
5839822,1,5806114
5838796,1,5806094
5834497,1,5805818
5834483,1,5805804
5834481,1,5805802
5834469,1,5805790
5834465,1,5805786
5833454,1,5805771
5833452,1,5805769
5831305,1,5805619
5841941,1,5805244
5841939,1,5805242
5841932,1,5805235
5841924,1,5805227
5841906,1,5805209
5841897,1,5805200
5841896,1,5805199
5840882,1,5805187
5840831,1,5805136
5839774,1,5805085
5838708,1,5805025
5838681,1,5804998
5837669,1,5804992
5834460,1,5804798
5831235,1,5804566
5831234,1,5804565
5831226,1,5804557
5830247,1,5804517
5841874,1,5804194
5841845,1,5804165
5841835,1,5804155
5841832,1,5804152
5841831,1,5804151
5841830,1,5804150
5840824,1,5804146
5840803,1,5804126
5840759,1,5804082
5866254,1,5842188
5866225,1,5842160
5866222,1,5842157
5866221,1,5842156
5865138,1,5842118
5864098,1,5842054
5864058,1,5842014
5842066,1,5841712
5842063,1,5841709
5842062,1,5841708
5842048,1,5841694
5866190,1,5841139
5865074,1,5841069
5865041,1,5841036
5865040,1,5841035
5859798,1,5840743
5867111,1,5840094
5865013,1,5840027
5859732,1,5839697
5859713,1,5839678
5859712,1,5839677
5859693,1,5839658
5857654,1,6044974
5841156,1,6044926
5839752,1,5804080
5839741,1,5804070
5839719,1,5804048
5837568,1,5803909
5836489,1,5803838
5832220,1,5803570
5832533,1,6044427
5832402,1,6043916
5840955,1,6044399
5847036,1,5870026
5847032,1,5870022
5858582,1,5869665
5853415,1,5869378
5848016,1,5869063
5846941,1,5868963
5843792,1,5868757
5858524,1,5868639
5857517,1,5868608
5856487,1,5868553
5856458,1,5868525
5856446,1,5868513
5855443,1,5868486
5855419,1,5868462
5855413,1,5868456
5854388,1,5868407
5854378,1,5868397
5844764,1,5867786
5844763,1,5867785
5858457,1,5867605
5858456,1,5867604
5857444,1,5867568
5857443,1,5867567
5856419,1,5867519
5856386,1,5867486
5855350,1,5867426
5854310,1,5867362
5843695,1,5866725
5857390,1,5866546
5857589,1,6038680
5848017,1,6038670
5864623,1,5850424
5856308,1,5866440
5854246,1,5866330
5854226,1,5866310
5853193,1,5866253
5847793,1,5865937
5847792,1,5865936
5858361,1,5865573
5857307,1,5865495
5857306,1,5865494
5856292,1,5865455
5856254,1,5865418
5854196,1,5865312
5853157,1,5865249
5853144,1,5865236
5847704,1,5864879
5845625,1,5864759
5858289,1,5864531
5856181,1,5864375
5856180,1,5864374
5854092,1,5864238
5847681,1,5863885
5846641,1,5863820
5856130,1,5863353
5855096,1,5863295
5855078,1,5863277
5855071,1,5863270
5854051,1,5863226
5853014,1,5863165
5853000,1,5863151
5847618,1,5862853
5858163,1,5862465
5858158,1,5862460
5858150,1,5862452
5856075,1,5862329
5856038,1,5862292
5852955,1,5862137
5852944,1,5862126
5852935,1,5862117
5851878,1,5862057
5848593,1,5861886
5848578,1,5861871
5848577,1,5861870
5848576,1,5861869
5846485,1,5861729
5846473,1,5861717
5858104,1,5861439
5858058,1,5861393
5857031,1,5861342
5857024,1,5861335
5854985,1,5861248
5854984,1,5861247
5853892,1,5861131
5853891,1,5861130
5853890,1,5861129
5852891,1,5861106
5852863,1,5861078
5848477,1,5860803
5847495,1,5860797
5843297,1,5860515
5842227,1,5860421
5856988,1,5860332
5856975,1,5860319
5855912,1,5860232
5853868,1,5860140
5853830,1,5860102
5852828,1,5860076
5851770,1,5860017
5848449,1,5859808
5842204,1,5859431
5856936,1,5859312
5855888,1,5859240
5855850,1,5859202
5854829,1,5859157
5854803,1,5859131
5852720,1,5859000
5845216,1,5858547
5843190,1,5858473
5842111,1,5858371
5864926,1,5838957
5859668,1,5838649
5836468,1,6038610
5836401,1,6038057
5847561,1,6037546
5836125,1,6037509
5847432,1,6037043
5866696,1,5849496
5864539,1,5849361
5864515,1,5849337
5864510,1,5849332
5864509,1,5849331
5861415,1,5849177
5861395,1,5849157
5859227,1,5848996
5866621,1,5848441
5866618,1,5848438
5864487,1,5848326
5864480,1,5848319
5861339,1,5848121
5864428,1,5847286
5864427,1,5847285
5864369,1,5847227
5859124,1,5846929
5859100,1,5846905
5859099,1,5846904
5864883,1,5837935
5859588,1,5837590
5860345,1,6043941
5860286,1,6043923
5860278,1,6043922
5840754,1,6038614
5841757,1,6038597
5857875,1,5858307
5855785,1,5858169
5855780,1,5858164
5853712,1,5858048
5845206,1,5857568
5857845,1,5857306
5857830,1,5857291
5856806,1,5857243
5855738,1,5857151
5855736,1,5857149
5858777,1,5856289
5857746,1,5856239
5856731,1,5856200
5856730,1,5856199
5854648,1,5856069
5853619,1,5856016
5852589,1,5855961
5846108,1,5855547
5857683,1,5855204
5855596,1,5855069
5855595,1,5855068
5852521,1,5854922
5848113,1,5854624
5858638,1,5854215
5856600,1,5854129
5855568,1,5854073
5860561,1,5853245
5860560,1,5853244
5866855,1,5852594
5860524,1,5852228
5859425,1,5852133
5860454,1,5851180
5860344,1,5849115
5860343,1,5849114
5860303,1,5849074
5865499,1,5848361
5864445,1,5848284
5864444,1,5848283
5843856,1,5869789
5843855,1,5869788
5857568,1,5869627
5856501,1,5869536
5843805,1,5868770
5858511,1,5868626
5856478,1,5868545
5845861,1,5867900
5845851,1,5867890
5845836,1,5867875
5845833,1,5867872
5845832,1,5867871
5843745,1,5867743
5845723,1,5865826
5846706,1,5864856
5858277,1,5864519
5856102,1,5863325
5854048,1,5863223
5854022,1,5863197
5867585,1,5846436
5866494,1,5846350
5866458,1,5846314
5864364,1,5846241
5859093,1,5845917
5859092,1,5845916
5859054,1,5845879
5859031,1,5845856
5860272,1,5848062
5859147,1,5846952
5860115,1,5845948
5860114,1,5845947
5860113,1,5845946
5859068,1,5845893
5858959,1,5843822
5858948,1,5843811
5858911,1,5843774
5858902,1,5843765
5866223,1,5842158
5867234,1,5841196
5867209,1,5841171
5865043,1,5841038
5860882,1,5840812
5859782,1,5840727
5860819,1,5839771
5859708,1,5839673
5859702,1,5839667
5867102,1,5839106
5867075,1,5839079
5860743,1,5838714
5860742,1,5838713
5859620,1,5838601
5854021,1,5863196
5858127,1,5862429
5857090,1,5862368
5843383,1,5861568
5854875,1,5860171
5852736,1,5859016
5855804,1,5858188
5856811,1,5857247
5847050,1,5854537
5854492,1,5853973
5863774,1,5853492
5863768,1,5853486
5863767,1,5853485
5863761,1,5853479
5863760,1,5853478
5863759,1,5853477
5862738,1,5853432
5862737,1,5853431
5862733,1,5853427
5862712,1,5853406
5862711,1,5853405
5862696,1,5853390
5862688,1,5853382
5863685,1,5852422
5863677,1,5852414
5863676,1,5852413
5863663,1,5852400
5863658,1,5852395
5863657,1,5852394
5862663,1,5852376
5862647,1,5852360
5866840,1,5851597
5866830,1,5851588
5863636,1,5851393
5863620,1,5851377
5863617,1,5851374
5863586,1,5851343
5862605,1,5851338
5862604,1,5851337
5862586,1,5851319
5862583,1,5851316
5863584,1,5850361
5833812,1,5812028
5839632,1,5819719
5864770,1,5853511
5864735,1,5852495
5863836,1,5837865
5863835,1,5837864
5863833,1,5837862
5863831,1,5837860
5863830,1,5837859
5863824,1,5837853
5863823,1,5837852
5863820,1,5837849
5863807,1,5837836
5863803,1,5837832
5863802,1,5837831
5863801,1,5837830
5863800,1,5837829
5863799,1,5837828
5863798,1,5837827
5863793,1,5837822
5863784,1,5837813
5862800,1,5837805
5862787,1,5837792
5862786,1,5837791
5862785,1,5837790
5862784,1,5837789
5862781,1,5837786
5862780,1,5837785
5862779,1,5837784
5862776,1,5837781
5862764,1,5837769
5862762,1,5837767
5862757,1,5837762
5862743,1,5837748
5862742,1,5837747
5860674,1,5837668
5830201,1,5819177
5831140,1,5818193
5831130,1,5818184
5831129,1,5818183
5831127,1,5818181
5831032,1,5817103
5835195,1,5816352
5835175,1,5816333
5831759,1,5812954
5830794,1,5812928
5830707,1,5811858
5830706,1,5811857
5830686,1,5811837
5830662,1,5810829
5835832,1,5810083
5831525,1,5808787
5866576,1,6043438
5845586,1,5863750
5844529,1,5863674
5851821,1,5861034
5851820,1,5861033
5844323,1,5860565
5851784,1,5860030
5845261,1,5858592
5852709,1,5858021
5843077,1,5857391
5865696,1,5851495
5865662,1,5850481
5865641,1,5850460
5866671,1,5849471
5866668,1,5849468
5866542,1,5847379
5866435,1,5845311
5861140,1,5844989
5861032,1,5843903
5833067,1,5816224
5831464,1,5807744
5836661,1,5805972
5830335,1,5805587
5830275,1,5805528
5836503,1,5803852
5866274,1,5843191
5865154,1,5843116
5865153,1,5843115
5866128,1,5841078
5866127,1,5841077
5865946,1,5837952
5865933,1,5837939
5833230,1,5819339
5832073,1,5817208
5836539,1,5804870
5853112,1,5865204
5853111,7,5865203
5848802,1,5864994
5848800,1,5864993
5848743,1,5864936
5847749,1,5864924
5847744,1,5864919
5847728,1,5864903
5847727,1,5864902
5847725,7,5864900
5847699,1,5864874
5845672,1,5864805
5845664,1,5864798
5844610,1,5864726
5844570,1,5864686
5844569,1,5864685
5844564,1,5864680
5843550,1,5864642
5842544,1,5864611
5842523,1,5864591
5842502,1,5864570
5842501,1,5864569
5842492,1,5864560
5858290,1,5864532
5858255,1,5864497
5858246,1,5864488
5857222,1,5864440
5857217,1,5864435
5857214,1,5864432
5856226,1,5864419
5856215,7,5864409
5856182,1,5864376
5856166,1,5864360
5855173,7,5864343
5855172,1,5864342
5855160,1,5864330
5855143,1,5864313
5855141,1,5864311
5854145,7,5864290
5854140,1,5864286
5854137,1,5864283
5854129,1,5864275
5853082,1,5864204
5853077,1,5864199
5853073,1,5864195
5853060,1,5864182
5849843,1,5863970
5849842,1,5863969
5848742,1,5863966
5848741,1,5863965
5848720,1,5863946
5848719,1,5863945
5848705,1,5863931
5848693,1,5863919
5848677,1,5863903
5847680,1,5863884
5847679,1,5863883
5847676,1,5863880
5847657,1,5863861
5847656,1,5863860
5847647,1,5863851
5845587,1,5863751
5845572,1,5863736
5845552,1,5863716
5844551,1,5863696
5843511,1,5863632
5843509,1,5863630
5843508,1,5863629
5843505,1,5863626
5843488,1,5863609
5842470,1,5863567
5842467,1,5863564
5842433,1,5863530
5858231,1,5863502
5858229,1,5863500
5858228,7,5863499
5858201,1,5863472
5858194,1,5863465
5858186,1,5863457
5857197,1,5863444
5857190,1,5863437
5857186,1,5863433
5857183,1,5863430
5857182,1,5863429
5857178,1,5863425
5857169,1,5863416
5856158,1,5863381
5856147,1,5863370
5856127,1,5863350
5856122,7,5863345
5856121,7,5863344
5856115,1,5863338
5856114,1,5863337
5856108,7,5863331
5855120,1,5863318
5855108,1,5863307
5855079,1,5863278
5855068,1,5863267
5854076,1,5863251
5854075,1,5863250
5854070,1,5863245
5854057,1,5863232
5854053,1,5863228
5854039,1,5863214
5854026,1,5863201
5853037,1,5863188
5853031,1,5863182
5853029,1,5863180
5853002,7,5863153
5851929,1,5863075
5851922,1,5863068
5848670,1,5862928
5848669,1,5862927
5848608,1,5862867
5847622,1,5862857
5841427,1,5813593
5841426,1,5813592
5841418,1,5813585
5841417,1,5813584
5841416,1,5813583
5841410,1,5813577
5841409,1,5813576
5841408,1,5813575
5841400,1,5813567
5841391,1,5813558
5841379,1,5813546
5841378,1,5813545
5841369,1,5813536
5841368,1,5813535
5841367,1,5813534
5841366,1,5813533
5841365,1,5813532
5841364,1,5813531
5840327,1,5813500
5840325,1,5813498
5840321,1,5813494
5840319,1,5813492
5840318,1,5813491
5840304,1,5813477
5840299,1,5813472
5840291,1,5813464
5839277,1,5813456
5839263,1,5813442
5839250,1,5813429
5839243,1,5813422
5839224,1,5813403
5839220,1,5813399
5838197,1,5813382
5838196,1,5813381
5838185,1,5813370
5838174,1,5813359
5838154,1,5813339
5838153,1,5813338
5838152,1,5813337
5833930,1,5813130
5833929,1,5813129
5833924,1,5813124
5833922,1,5813122
5833916,1,5813116
5833889,1,5813089
5832845,1,5813050
5831780,1,5812975
5831770,1,5812965
5831765,1,5812960
5841358,1,5812542
5841355,1,5812540
5841352,1,5812537
5841351,1,5812536
5841350,1,5812535
5841347,1,5812532
5841346,1,5812531
5841337,1,5812522
5841307,1,5812492
5839211,1,5812408
5839210,1,5812407
5839209,1,5812406
5839202,1,5812399
5839198,1,5812395
5839197,1,5812394
5839195,1,5812392
5839194,1,5812391
5839189,1,5812386
5839184,1,5812381
5839161,1,5812358
5838122,1,5812325
5838117,1,5812320
5838116,1,5812319
5838105,1,5812308
5834902,4,5812120
5834894,1,5812112
5834890,1,5812108
5834877,1,5812095
5834876,1,5812094
5834871,1,5812089
5833863,1,5812079
5833862,1,5812078
5833857,1,5812073
5833855,1,5812071
5866272,1,5843189
5865156,1,5843118
5858434,1,6038094
5842744,1,5868685
5857421,1,5867545
5854043,1,5863218
5841768,1,5819845
5863514,1,5849312
5844531,1,5863676
5844530,1,5863675
5844517,1,5863662
5851812,1,5861025
5846434,1,5860712
5851757,1,5860004
5849502,1,5858806
5853597,1,5855994
5837873,1,6044435
5837805,1,6044415
5837739,1,6044396
5865690,1,5851489
5862479,1,6043944
5833032,1,5816190
5831824,1,5814004
5831823,1,5814003
5831822,1,5814002
5831814,1,5813994
5831784,1,5812979
5831559,1,5809802
5865466,1,6043437
5864587,1,5850388
5861298,1,5848080
5864348,1,5846225
5864329,1,5846206
5865288,1,5845210
5859990,1,5843869
5851384,1,6044968
5833669,1,6044918
5835658,1,6044411
5836668,1,6044395
5867568,1,5846420
5860147,1,5845979
5860146,1,5845978
5858967,1,5844811
5859983,1,5843862
5859944,1,5842846
5858852,1,5842735
5867280,1,5842224
5860786,1,5839739
5859727,1,5839692
5860750,1,5838720
5860690,1,5838661
5860681,1,5837674
5860630,1,5837624
5860629,1,5837623
5846834,1,5866921
5854148,1,5864293
5855870,1,5859222
5855769,1,5857182
5847111,1,5854597
5842069,1,5841715
5841742,1,5818833
5841725,1,5818816
5835209,1,5817351
5836194,1,5815361
5836105,1,5814289
5836959,1,5811190
5835803,1,5810054
5835802,1,5810053
5841947,1,5805250
5835483,1,5804819
5841888,1,5804208
5841839,1,5804159
5841828,1,5804148
5841827,1,5804147
5834934,1,5813135
5833935,1,5813134
5833932,1,5813131
5833911,1,5813111
5833885,1,5813085
5833884,1,5813084
5833873,1,5813073
5832817,1,5813022
5831790,1,5812985
5831782,1,5812977
5831775,1,5812970
5831768,1,5812963
5841360,1,5812544
5841340,1,5812525
5841338,1,5812523
5841335,1,5812520
5841316,1,5812501
5841298,1,5812483
5840250,1,5812441
5840233,1,5812424
5839208,1,5812405
5839191,1,5812388
5839183,1,5812380
5839169,1,5812366
5839151,1,5812348
5838135,1,5812338
5838099,1,5812302
5838088,1,5812291
5838084,1,5812287
5837036,1,5812248
5837031,1,5812243
5835978,1,5812195
5834906,1,5812124
5834886,1,5812104
5833864,1,5812080
5833852,1,5812068
5833847,1,5812063
5833810,1,5812026
5833809,1,5812025
5831732,4,5811943
5831714,1,5811925
5841288,1,5811492
5841278,1,5811482
5841258,1,5811462
5841256,1,5811460
5841255,1,5811459
5840213,1,5811423
5840206,1,5811416
5839149,1,5811364
5839148,1,5811363
5839145,1,5811361
5839141,1,5811357
5839135,1,5811351
5839131,1,5811347
5839130,1,5811346
5839106,1,5811322
5839089,1,5811305
5853494,1,6044970
5836393,1,6038056
5844962,1,5854414
5843857,1,5869790
5854457,1,5869444
5844207,1,5858514
5844082,1,5856449
5855664,1,5856109
5835881,1,5811117
5855268,1,5866376
5849743,1,5861939
5849742,1,5861938
5849737,1,5861933
5857037,1,5861348
5853876,1,5860148
5850579,1,5857898
5850420,1,5855807
5850337,1,5854756
5861233,1,5847037
5861225,1,5847029
5867428,1,5844328
5859979,1,5843858
5858850,1,5842733
5867197,1,5841159
5867119,1,5840102
5834771,1,5810023
5836279,1,5817417
5846761,1,5865880
5857150,1,5863397
5853916,1,5861155
5854830,1,5859158
5857859,1,5858291
5847191,1,5856617
5833038,1,5816196
5836114,1,5814298
5835571,1,5805888
5833398,1,5804733
5833394,1,5804729
5833358,1,5804693
5833352,1,5804687
5833345,1,5804680
5833330,1,5803683
5855654,1,5856099
5865818,1,5853579
5866816,1,5851574
5866464,1,5846320
5858845,1,5842728
5859566,1,5837568
5836778,1,5808057
5836760,1,5808039
5836759,1,5808038
5858601,1,5869684
5856497,1,5869532
5848006,1,5869053
5858508,1,5868623
5857499,1,5868590
5857487,1,5868578
5857371,1,5866527
5858356,1,5865568
5858283,1,5864525
5847539,1,5861808
5847538,1,5861807
5847537,1,5861806
5847536,1,5861805
5847535,1,5861804
5847534,1,5861803
5847533,1,5861802
5847532,1,5861801
5858060,1,5861395
5848496,1,5860822
5852797,1,5860045
5853786,1,5859090
5847358,1,5858725
5848283,1,5857704
5847281,1,5857678
5854656,1,5856077
5853463,1,5853920
5866892,1,5852631
5866809,1,5851567
5866808,1,5851566
5866780,1,5851538
5866724,1,5850502
5865564,1,5849405
5866492,1,5846348
5866491,1,5846347
5866341,1,5844238
5866194,1,5842129
5865125,1,5842105
5865072,1,5841067
5864938,1,5838969
5865907,1,5836934
5836278,1,5817416
5840406,1,5814563
5847479,1,5860781
5847887,1,6038100
5837062,1,6037003
5847366,1,6036557
5848342,1,6036542
5836130,1,5814313
5837113,1,5813307
5839187,1,5812384
5830639,1,5810806
5832665,1,5809919
5844233,1,6036554
5835892,1,5811128
5842819,1,5869728
5856516,1,5869551
5857476,1,5868567
5855446,1,5868488
5851230,1,5868212
5851229,1,5868211
5851217,1,5868199
5843781,1,5867778
5849210,1,5853682
5832162,1,5819267
5841160,1,5810379
5838647,1,5803982
5853255,1,5867283
5851184,1,5867199
5846827,1,5866914
5842621,1,5866627
5856342,1,5866474
5843616,1,5865678
5844625,1,5864740
5846627,1,5863806
5844545,1,5863690
5844510,1,5863655
5855075,1,5863274
5855070,1,5863269
5850813,1,5861995
5844394,1,5861603
5843379,1,5861564
5848533,1,5860859
5848478,1,5860804
5842245,1,5860439
5856958,1,5860302
5854924,1,5860220
5847333,1,5858700
5847318,1,5858685
5851605,1,5857918
5851603,1,5857916
5848344,1,5857764
5844153,1,5857491
5843070,1,5857384
5852627,1,5856968
5851549,1,5856893
5852584,1,5855957
5852534,1,5855907
5852510,7,5854911
5852510,6,6060827
5860566,1,5853250
5865755,1,5852535
5866737,1,5850515
5867264,1,5842208
5860740,1,5838711
5865944,1,5837950
5860651,1,5837645
5836017,1,5813217
5842498,1,5864566
5842497,1,5864565
5858177,1,5862478
5857100,1,5862378
5853923,7,5861162
5858035,1,5860403
5860452,1,5851178
5860813,1,5839766
5867100,1,5839104
5830771,1,5812905
5860588,1,5853272
5860494,1,5852198
5860307,1,5849078
5860182,1,5846993
5860162,1,5846973
5860157,1,5846968
5860092,1,5845925
5860880,1,5840811
5832486,1,5807773
5836716,1,5807012
5832410,1,5806711
5837578,1,5803919
5857296,1,5865484
5860611,1,5853295
5859242,1,5849011
5862129,1,5843999
5830422,1,5807641
5858357,1,5865569
5848725,1,5863951
5842254,1,5860448
5861718,1,5837699
5835895,1,5811131
5835824,1,5810075
5830556,1,5809738
5835783,1,5809049
5835782,1,5809048
5836766,1,5808045
5838841,1,5807123
5836726,1,5807022
5836723,1,5807019
5835657,1,5806958
5836632,1,5805944
5836580,1,5804911
5836561,1,5804892
5844941,1,5869898
5844907,1,5869864
5844888,1,5869845
5843876,1,5869809
5846870,1,5867925
5843642,1,5865704
5851880,1,5862059
5851879,1,5862058
5851852,1,5861064
5846342,1,5859654
5857945,1,5859345
5857921,1,5859321
5853798,1,5859102
5857833,1,5857294
5845053,1,5855476
5845047,1,5855470
5845010,1,5854462
5845009,1,5854461
5844995,1,5854447
5831192,1,5819230
5831191,1,5819229
5831156,1,5819194
5831155,1,5819193
5832011,1,5817147
5832010,1,5817146
5831064,1,5817135
5830974,1,5816061
5831907,1,5815071
5830897,1,5814998
5831788,1,5812983
5831785,1,5812980
5830801,1,5812935
5831737,1,5811948
5831701,1,5811912
5831459,1,5807739
5831458,1,5807738
5840071,1,5809312
5831425,1,5807705
5830411,1,5807630
5830336,1,5805588
5831233,1,5804564
5831986,1,5816137
5862373,1,5848164
5864065,1,5842021
5864064,1,5842020
5832061,1,5817197
5841629,1,5817735
5841555,1,5815691
5841545,1,5815681
5847620,1,5862855
5847598,1,5862833
5847597,1,5862832
5847592,1,5862827
5847591,1,5862826
5847590,1,5862825
5847581,1,5862816
5847580,1,5862815
5847579,1,5862814
5847571,1,5862806
5845530,1,5862726
5845524,1,5862720
5845489,1,5862685
5845484,1,5862680
5845483,1,5862679
5844461,1,5862637
5843417,1,5862569
5842357,1,5862485
5858167,1,5862469
5858132,1,5862434
5858121,1,5862423
5858116,1,5862418
5857132,1,5862410
5857131,5,5862409
5857130,1,5862408
5857125,1,5862403
5857116,7,5862394
5857115,1,5862393
5857106,1,5862384
5857083,7,5862361
5857082,1,5862360
5856076,7,5862330
5856057,1,5862311
5856056,1,5862310
5856045,1,5862299
5856035,1,5862289
5855013,1,5862243
5855012,1,5862242
5855005,1,5862235
5855001,1,5862231
5854998,1,5862228
5854016,1,5862221
5853973,1,5862179
5853972,1,5862178
5853966,1,5862172
5853964,1,5862170
5853958,1,5862164
5852979,1,5862160
5852977,1,5862158
5852962,7,5862144
5852949,1,5862131
5852941,1,5862123
5852938,1,5862120
5852934,1,5862116
5852932,1,5862114
5852931,1,5862113
5852927,1,5862109
5852926,1,5862108
5852924,1,5862106
5852920,7,5862102
5851915,1,5862093
5851913,1,5862092
5851909,1,5862088
5851900,1,5862079
5851891,1,5862070
5851889,1,5862068
5851888,1,5862067
5851873,1,5862052
5851864,1,5862043
5851854,1,5862033
5848590,1,5861883
5847552,1,5861821
5847548,1,5861817
5847529,1,5861798
5847528,1,5861797
5847517,1,5861786
5846524,1,5861767
5846490,1,5861734
5846489,1,5861733
5846488,1,5861732
5846472,1,5861716
5846468,1,5861712
5846465,1,5861709
5845459,1,5861689
5845439,1,5861669
5845422,1,5861652
5844391,1,5861600
5843385,1,5861570
5843365,1,5861550
5843332,1,5861517
5858113,1,5861447
5858099,1,5861434
5858084,1,5861419
5858082,1,5861417
5858076,1,5861411
5858068,1,5861403
5857059,1,5861370
5857058,1,5861369
5857036,1,5861347
5857035,1,5861346
5856003,1,5861290
5854993,1,5861255
5854965,1,5861228
5854964,1,5861227
5854946,1,5861209
5854935,1,5861198
5853939,1,5861178
5853933,7,5861172
5853930,1,5861169
5853929,1,5861168
5853921,1,5861160
5853919,1,5861158
5853918,1,5861157
5848212,1,6044999
5834796,1,6044938
5839013,1,6044924
5834730,1,6044919
5860546,1,6044471
5833535,1,6044409
5864625,1,6043966
5860420,1,6043962
5833399,1,6043898
5831272,1,6043896
5841813,1,5819890
5841773,1,5819850
5840724,1,5819805
5840723,1,5819804
5839649,1,5819736
5838611,1,5819703
5838606,1,5819699
5838600,1,5819693
5838599,1,5819692
5838598,1,5819691
5838560,1,5819653
5838553,1,5819646
5836446,1,5819551
5836442,1,5819547
5835386,1,5819496
5835382,1,5819492
5835359,1,5819469
5831175,1,5819213
5841739,1,5818830
5841721,1,5818812
5841716,1,5818807
5839582,1,5818684
5839581,1,5818683
5839565,1,5818667
5838537,1,5818645
5848023,1,5870038
5847041,1,5870031
5847040,1,5870030
5847038,1,5870028
5847037,1,5870027
5847033,1,5870023
5847031,1,5870021
5847028,1,5870018
5847025,1,5870015
5847022,1,5870012
5847013,1,5870003
5847007,1,5869997
5847006,1,5869996
5847002,1,5869992
5846996,1,5869986
5834834,1,5811071
5834833,1,5811070
5834823,1,5811060
5834818,1,5811055
5834817,1,5811054
5834816,1,5811053
5834815,1,5811052
5841201,1,5810420
5840091,1,5810316
5836895,1,5810140
5836894,1,5810139
5835860,1,5810110
5835851,1,5810102
5834797,1,5810048
5834791,1,5810043
5834789,1,5810041
5834788,1,5810040
5834782,1,5810034
5832602,1,5809857
5832600,1,5809855
5841135,1,5809370
5837936,1,5809189
5837903,1,5809156
5837893,1,5809146
5836848,1,5809109
5836827,1,5809088
5836826,1,5809087
5836807,1,5809068
5835757,1,5809023
5835746,1,5809012
5832584,1,5808855
5832583,1,5808854
5832582,1,5808853
5832541,1,5808812
5832536,1,5808807
5841070,1,5808323
5841068,1,5808321
5841067,1,5808320
5839984,1,5808243
5838939,1,5808204
5836777,1,5808056
5835724,1,5808008
5835721,1,5808005
5835701,1,5807985
5835677,1,5807961
5834625,1,5807911
5832530,1,5807817
5832510,1,5807797
5832506,1,5807793
5830469,1,5807687
5830418,1,5807637
5830416,1,5807635
5837766,1,5807054
5837758,1,5807046
5837743,1,5807031
5836734,1,5807029
5836733,1,5807028
5835639,1,5806940
5835633,1,5806934
5835628,1,5806929
5835604,1,5806905
5834571,1,5806874
5832457,1,5806758
5832456,1,5806757
5832455,1,5806756
5832438,1,5806739
5832437,1,5806738
5832431,1,5806732
5832429,1,5806730
5832423,1,5806724
5832420,1,5806721
5832405,1,5806706
5832404,1,5806705
5830396,1,5806631
5842000,1,5806285
5839845,1,5806137
5839837,1,5806129
5838789,1,5806087
5838781,1,5806079
5835580,1,5805897
5835573,1,5805890
5835572,1,5805889
5835562,1,5805879
5835558,1,5805875
5835557,1,5805874
5835556,1,5805873
5835541,1,5805858
5832401,1,5805718
5832381,1,5805698
5832380,1,5805697
5832379,1,5805696
5832342,1,5805659
5832341,1,5805658
5841953,1,5805256
5841949,1,5805252
5841944,1,5805247
5841933,21,5805236
5841923,1,5805226
5839810,1,5805121
5839775,1,5805086
5838705,1,5805022
5837668,1,5804991
5837665,1,5804988
5837650,1,5804973
5837647,1,5804970
5837618,1,5804941
5836563,1,5804894
5835470,1,5804806
5835469,1,5804805
5832332,1,5804665
5830256,1,5804526
5841855,1,5804175
5847072,1,5854559
5833198,1,5818323
5836722,1,5807018
5854270,7,5866354
5842136,1,5858396
5830171,1,5819148
5830963,1,5816050
5830851,1,5813969
5831758,1,5812953
5858110,1,6037070
5858045,3,6037054
5846993,1,5869983
5846985,1,5869975
5846983,1,5869973
5843905,1,5869838
5843865,1,5869798
5858619,1,5869702
5857591,1,5869649
5857570,1,5869629
5856551,1,5869585
5855455,1,5869466
5854468,1,5869455
5854461,1,5869448
5854442,1,5869429
5854425,1,5869412
5853434,1,5869396
5853416,1,5869379
5847994,1,5869041
5846968,1,5868990
5846950,1,5868972
5846948,1,5868970
5846947,1,5868969
5846944,1,5868966
5846930,1,5868952
5846928,1,5868950
5858538,1,5868653
5858537,1,5868652
5858506,1,5868621
5856486,1,5868552
5855436,1,5868479
5855416,1,5868459
5847948,1,5868028
5847899,1,5867979
5846912,1,5867967
5846855,1,5867910
5844779,1,5867801
5858497,1,5867645
5858496,1,5867644
5858451,1,5867599
5856417,1,5867517
5856414,1,5867514
5856390,1,5867490
5855324,1,5867400
5855323,1,5867399
5854322,1,5867374
5854287,1,5867339
5853301,1,5867328
5853251,1,5867279
5853250,1,5867278
5847838,1,5866950
5843653,1,5866683
5858399,1,5866579
5858377,1,5866557
5857341,1,5866497
5856316,1,5866448
5856302,1,5866434
5855318,1,5866425
5847816,1,5865960
5847781,1,5865925
5847766,1,5865910
5846751,1,5865870
5846750,1,5865869
5845721,1,5865824
5858336,1,5865548
5857297,1,5865485
5856268,1,5865432
5855251,1,5865390
5855235,1,5865375
5855229,1,5865369
5855228,1,5865368
5854197,1,5865313
5847720,1,5864895
5846705,1,5864855
5845644,1,5864778
5845638,1,5864772
5858307,1,5864548
5858276,1,5864518
5855188,1,5864357
5855151,1,5864321
5855125,1,5864295
5854136,1,5864282
5854135,1,5864281
5853101,1,5864223
5853084,1,5864206
5849891,1,5864018
5849890,1,5864017
5847659,1,5863863
5847658,1,5863862
5847635,1,5863839
5847634,1,5863838
5847633,1,5863837
5846651,1,5863830
5846617,1,5863796
5846607,1,5863786
5858237,1,5863508
5858227,1,5863498
5856103,1,5863326
5855124,1,5863322
5855122,1,5863320
5855113,1,5863312
5855112,1,5863311
5855095,1,5863294
5854041,1,5863216
5853043,1,5863193
5852999,1,5863150
5852998,1,5863149
5848619,1,5862878
5847596,1,5862831
5847593,1,5862828
5847589,1,5862824
5847584,1,5862819
5847572,1,5862807
5846586,1,5862796
5846541,1,5862751
5846533,1,5862743
5844496,1,5862671
5844450,1,5862626
5858142,1,5862444
5839730,1,5804059
5838670,1,5804005
5838669,1,5804004
5837607,1,5803947
5837574,1,5803915
5837562,1,5803903
5836530,1,5803878
5836514,1,5803863
5836497,1,5803846
5836470,1,5803819
5836469,1,5803818
5835450,1,5803804
5835449,1,5803803
5840553,1,6038023
5858479,1,5867627
5856274,1,5865438
5846420,1,5860698
5857986,1,5860354
5853850,1,5860122
5846336,1,5859648
5846267,1,5858612
5856783,1,5857220
5852591,1,5856932
5854598,1,5855047
5858664,1,5854241
5861458,1,5850196
5860110,1,5845943
5858935,1,5843798
5841823,1,5819899
5840733,1,5819814
5839619,1,5819706
5841750,1,5818841
5840497,1,5816625
5840359,1,5814516
5840358,1,5814515
5840338,1,5813511
5840298,1,5813471
5840297,1,5813470
5839261,1,5813440
5840247,1,5812438
5840246,1,5812437
5840228,1,5812419
5837005,1,5812217
5840192,1,5811402
5840183,1,5811393
5840162,1,5811372
5841221,1,5810440
5841220,1,5810439
5841091,1,5808343
5841086,1,5808339
5841077,1,5808330
5833568,1,5807852
5839937,1,5807213
5839923,1,5807199
5842009,1,5806294
5842008,1,5806293
5839870,1,5806162
5836593,1,5804924
5830694,1,5811845
5831588,7,5809831
5831389,1,5806685
5830388,1,5806623
5831225,1,5804556
5833304,1,5803657
5863585,1,6043965
5861894,1,6042367
5838536,1,5818644
5838518,1,5818626
5838494,1,5818602
5838493,1,5818601
5838485,1,5818593
5836379,1,5818500
5835295,1,5818420
5835294,1,5818419
5831125,1,5818179
5841682,1,5817788
5841677,1,5817783
5841671,1,5817777
5841670,1,5817776
5841667,1,5817773
5841658,1,5817764
5835243,1,5817385
5835242,1,5817384
5835223,1,5817365
5840552,1,5816680
5840502,1,5816630
5840498,1,5816626
5838392,1,5816532
5838366,1,5816506
5836249,1,5816403
5836209,1,5816363
5835189,1,5816347
5835170,1,5816328
5835135,1,5816293
5840436,1,5815578
5840431,1,5815573
5840428,1,5815570
5840426,1,5815568
5840423,1,5815565
5838335,1,5815489
5838334,1,5815488
5838315,1,5815469
5837213,1,5815376
5836193,1,5815360
5836191,1,5815359
5836172,1,5815340
5836171,1,5815339
5836151,1,5815319
5839296,1,5814459
5838241,1,5814410
5838240,1,5814409
5838239,1,5814408
5838238,1,5814407
5837154,1,5814333
5836122,1,5814306
5836121,1,5814305
5836115,1,5814299
5836090,1,5814274
5836081,1,5814265
5835001,1,5814187
5839262,1,5813441
5839236,1,5813415
5838205,1,5813390
5838201,1,5813386
5838190,1,5813375
5838156,1,5813341
5837091,1,5813285
5836051,1,5813251
5836040,1,5813240
5836032,1,5813232
5836001,1,5813201
5836000,1,5813200
5834945,1,5813146
5834944,1,5813145
5834941,1,5813142
5834939,1,5813140
5841333,1,5812518
5841322,1,5812507
5840230,1,5812421
5840229,1,5812420
5838083,1,5812286
5837037,1,5812249
5837019,1,5812231
5835935,1,5812152
5834931,1,5812148
5834924,1,5812142
5834921,1,5812139
5834910,1,5812128
5834909,1,5812127
5834903,1,5812121
5834888,1,5812106
5834873,1,5812091
5834872,1,5812090
5831685,1,5811896
5836986,1,5811217
5836939,1,5811170
5836938,1,5811169
5835888,1,5811124
5834865,1,5811101
5834859,1,5811096
5834845,1,5811082
5834836,1,5811073
5834835,1,5811072
5849466,1,5857803
5847288,1,5857685
5847287,1,5857684
5846262,1,5857637
5846207,1,5857583
5853675,1,5857040
5843065,1,5856407
5843031,1,5856374
5852567,1,5855940
5850401,1,5855788
5846126,1,5855565
5843981,1,5855380
5842957,1,5855332
5857704,1,5855225
5857703,1,5855224
5854567,1,5855016
5854566,1,5855015
5850339,1,5854758
5846058,1,5854527
5846025,1,5854494
5844996,1,5854448
5844975,1,5854427
5855522,1,5854027
5854508,1,5853989
5860594,1,5853278
5860593,1,5853277
5860592,1,5853276
5864700,1,5852460
5860516,1,5852220
5859472,1,5852180
5859442,1,5852150
5859427,1,5852135
5861559,1,5851273
5859406,1,5851134
5859373,1,5851101
5860347,1,5849117
5860311,1,5849082
5865477,1,5848339
5861208,1,5846034
5860135,1,5845968
5867422,1,5844322
5867335,1,5843258
5835325,1,5818450
5836233,1,5816387
5836118,1,5814302
5836117,1,5814301
5836065,1,5813264
5836643,1,5805955
5860994,1,5842887
5864071,1,5842027
5863954,1,5839945
5833156,1,5818281
5833106,1,5817248
5832040,1,5817176
5833021,1,5816179
5836068,1,5814252
5831839,1,5814019
5831760,1,5812955
5831615,1,5810842
5831603,1,5809846
5831569,1,5809812
5831566,1,5809809
5835753,1,5809019
5835752,1,5809018
5835751,1,5809017
5839223,1,5813402
5839222,1,5813401
5834980,1,5813181
5841296,1,5812481
5839165,1,5812362
5839155,1,5812352
5839154,1,5812351
5839153,1,5812350
5839152,1,5812349
5838137,1,5812340
5833837,1,5812053
5832735,1,5811957
5838073,1,5811295
5832729,1,5810967
5831633,1,5810860
5839073,1,5810304
5839022,1,5810253
5834780,1,5810032
5834738,1,5809990
5830598,1,5809780
5841153,1,5809388
5840059,1,5809300
5837928,1,5809181
5837927,1,5809180
5837922,1,5809175
5837874,1,5808144
5833539,1,5807823
5832519,1,5807806
5866219,1,5842154
5865084,1,5842064
5865069,1,5841064
5860877,1,5840808
5860823,1,5840754
5859662,1,5838643
5859661,1,5838642
5859650,1,5838631
5860656,1,5837650
5860650,1,5837644
5859551,1,5837553
5843453,1,6037559
5851716,1,6037031
5848058,1,5870073
5845974,1,5869948
5847953,1,5868032
5845862,1,5867901
5847848,1,5866960
5847839,1,5866951
5845793,1,5866864
5858390,3,5866570
5854219,1,5866303
5855138,7,5864308
5853106,1,5864227
5857185,1,5863432
5858085,7,5861420
5856904,1,5859280
5847368,1,5858734
5857903,1,5858335
5856847,1,5858255
5856781,1,5857218
5847222,1,5856648
5858806,1,5856318
5854665,1,5856085
5842983,7,5855358
5843975,1,5854402
5860512,1,5852216
5859444,1,5852152
5859443,1,5852151
5859428,1,5852136
5859399,1,5851127
5838842,1,5807124
5840954,1,5806240
5840912,1,5806198
5840911,1,5806197
5832355,1,5805672
5839807,1,5805118
5839781,1,5805092
5838735,1,5805052
5838732,1,5805049
5837621,1,5804944
5833378,1,5804713
5840806,1,5804129
5840777,1,5804100
5840776,1,5804099
5840775,1,5804098
5840774,1,5804097
5839747,1,5804076
5839746,1,5804075
5848022,1,5870037
5843724,1,5867722
5855378,1,5867454
5844684,1,5865770
5844606,1,5864722
5844605,1,5864721
5844603,1,5864719
5842496,1,5864564
5842419,1,5863516
5844490,1,5862666
5843406,1,5862558
5842367,1,5862495
5858169,1,5862471
5855026,1,5862256
5844423,1,5861632
5844412,1,5861621
5851843,1,5861056
5851822,1,5861035
5851809,1,5861022
5851808,1,5861021
5851807,8,5861020
5846421,1,5860699
5843299,1,5860517
5851762,1,5860009
5851761,1,5860008
5844250,1,5859525
5842211,7,5859438
5845697,1,5865800
5852657,1,5857969
5863639,1,5851396
5863443,1,5848258
5863442,1,5848257
5863806,1,5837835
5863805,1,5837834
5830555,1,5809737
5858594,1,5869677
5851308,1,5869256
5851279,1,5869227
5846971,1,5868993
5846964,1,5868986
5858520,1,5868635
5852289,1,5868264
5851196,1,5868178
5855298,1,5866406
5846767,1,5865886
5846766,1,5865885
5851016,1,5865100
5846716,1,5864866
5849148,1,5870162
5845965,1,5869939
5835138,1,5816296
5851609,1,5857922
5867253,1,5842197
5859822,1,5841748
5831184,1,5819222
5831710,1,5811921
5839067,1,5810298
5850946,1,5864062
5854077,1,5863252
5849829,1,5862989
5857010,1,5861321
5842272,1,5860466
5856997,1,5860341
5854864,1,5859191
5850640,1,5858927
5849517,1,5858821
5856877,1,5858284
5856876,1,5858283
5851573,1,5856917
5851572,1,5856916
5849326,1,5855731
5852414,1,5853847
5865838,1,5853599
5861610,1,5852302
5866713,1,5850491
5860963,1,5842856
5867273,1,5842217
5867259,1,5842203
5867191,1,5841153
5860758,1,5839711
5864907,1,5838938
5834136,1,5817278
5836476,1,5803825
5845914,3,5868920
5846864,1,5867919
5863347,1,5847181
5856123,1,5863346
5858923,1,5843786
5839403,1,5815551
5843895,1,5869828
5843882,1,5869815
5843879,1,5869812
5854412,1,5869399
5854411,1,5869398
5842768,1,5868709
5842748,1,5868689
5854406,1,5868424
5854354,1,5868373
5843723,1,5867721
5855384,1,5867459
5850084,1,5867113
5848948,1,5867068
5847878,1,5866990
5847877,1,5866989
5847876,1,5866988
5847867,1,5866979
5843661,1,5866691
5842616,1,5866622
5857388,1,5866544
5857286,1,5865474
5844597,1,5864713
5843579,1,5864671
5845573,1,5863737
5858187,1,5863458
5857161,1,5863408
5856150,1,5863373
5854020,1,5863195
5845539,1,5862734
5845521,1,5862717
5845520,1,5862716
5845519,1,5862715
5845507,1,5862703
5843419,1,5862571
5843394,1,5862546
5857093,1,5862371
5848557,1,5861850
5856496,1,5869531
5854449,1,5869436
5848005,1,5869052
5858546,1,5868661
5857468,1,5868559
5855393,1,5868436
5845763,1,5866834
5855199,1,5865339
5842425,1,5863522
5852983,1,5863134
5847617,1,5862852
5852958,1,5862140
5856004,1,5861291
5858034,1,5860402
5856986,1,5860330
5844132,1,5857470
5860590,1,5853274
5866428,1,5845304
5860810,1,5839763
5859380,1,5851108
5866686,1,5849486
5859282,1,5849051
5859193,1,5847979
5859164,1,5847950
5860164,1,5846975
5859007,1,5844851
5858978,1,5844822
5866310,1,5843227
5866303,1,5843220
5866295,3,5843212
5865163,1,5843125
5858892,1,5842775
5858870,1,5842753
5859704,1,5839669
5860727,1,5838698
5859676,1,5838656
5859652,1,5838633
5859575,1,5837577
5865867,1,5836894
5839436,1,5816570
5839188,1,5812385
5838059,1,5811281
5839014,1,5809260
5837914,1,5809167
5837687,1,5805991
5857562,1,5869621
5844225,1,5858532
5839258,1,5813437
5848493,1,5860819
5854960,1,5861223
5853444,1,5853901
5860391,1,5850139
5836415,1,5819520
5835393,1,5819502
5832172,1,5819277
5841744,1,5818835
5836362,1,5818483
5832076,1,5818196
5836332,1,5817469
5836331,1,5817468
5835260,1,5817401
5836185,1,5815353
5835048,1,5814234
5831876,1,5814055
5837136,1,5813329
5837094,1,5813288
5837093,1,5813287
5836064,1,5813263
5836027,1,5813227
5837032,1,5812244
5835961,1,5812178
5833787,1,5811021
5835828,1,5810079
5833731,1,5809980
5831550,1,5809793
5830578,1,5809760
5839951,1,5807226
5838762,1,5806060
5841894,1,5805197
5842811,1,5869720
5842697,1,5867671
5843510,1,5863631
5858859,1,5842742
5846492,1,5861736
5845457,1,5861687
5851842,1,5861055
5851841,1,5861054
5851787,1,5861000
5847461,1,5860763
5846408,1,5860686
5844307,1,5860549
5851783,1,5860029
5851744,1,5859991
5851722,1,5859969
5847398,1,5859733
5846376,1,5859688
5845310,1,5859608
5857978,1,5859378
5854822,1,5859150
5853810,1,5859114
5853809,1,5859113
5853808,1,5859112
5853779,7,5859083
5846298,1,5858643
5845266,1,5858597
5845251,1,5858582
5845244,1,5858575
5843183,1,5858466
5855814,1,5858198
5851654,1,5857966
5844158,7,5857496
5854717,1,5857106
5854706,1,5857095
5847239,1,5856664
5847238,1,5856663
5846171,1,5856577
5843015,1,5856358
5856702,1,5856171
5856701,1,5856170
5852548,1,5855921
5847149,1,5855607
5858646,1,5854223
5854539,1,5854019
5854538,1,5854018
5860587,1,5853271
5865729,1,5851528
5866657,1,5849457
5866656,1,5849456
5866654,1,5849454
5861406,1,5849168
5861405,1,5849167
5861404,1,5849166
5864315,1,5846192
5865304,1,5845226
5864287,1,5845185
5861148,1,5844997
5861147,1,5844996
5861146,1,5844995
5861083,1,5843954
5866216,1,5842151
5860922,1,5841835
5860871,1,5840802
5866122,1,5840089
5867032,1,5838059
5865928,1,5836954
5839680,1,5819767
5834268,1,5819379
5833222,1,5819331
5840666,1,5818762
5838513,1,5818621
5833171,1,5818296
5837403,1,5817535
5863310,1,5846163
5863302,1,5846155
5864107,1,5843045
5860927,1,5841840
5831157,1,5819195
5832075,1,5818195
5831932,1,5815096
5831497,1,5808759
5830292,1,5805545
5831261,1,5804592
5849717,1,5861913
5831246,1,5804577
5831245,1,5804576
5847891,1,5867002
5835512,1,5804848
5835511,1,5804847
5832316,1,5804649
5836511,1,5803860
5836508,1,5803857
5836507,1,5803856
5836501,1,5803850
5835448,1,5803802
5832224,1,5803574
5846498,1,5861742
5845843,1,5867882
5845807,1,5867846
5857633,1,5854186
5866606,1,5848426
5839455,1,5816589
5838390,1,5816530
5838359,1,5816499
5831974,1,5816125
5831952,1,5816103
5838298,1,5815452
5838291,1,5815445
5838290,1,5815444
5837259,1,5815422
5840331,1,5813504
5840330,1,5813503
5840316,1,5813489
5838169,1,5813354
5834975,1,5813176
5831726,1,5811937
5831690,1,5811901
5839101,1,5811317
5838052,1,5811274
5832724,1,5810963
5841213,1,5810432
5841084,1,5808337
5839963,1,5808222
5837821,1,5808092
5837820,1,5808091
5833547,1,5807831
5839926,1,5807202
5834458,1,5804797
5840802,1,5804125
5839725,1,5804054
5838634,1,5803969
5834354,1,5803710
5849109,1,5870123
5849108,1,5870122
5849107,1,5870121
5845979,1,5869953
5843909,1,5869841
5855503,1,5869514
5855502,8,5869513
5855498,1,5869509
5842767,1,5868708
5842766,1,5868707
5842765,1,5868706
5857522,1,5868613
5854356,1,5868375
5854355,1,5868374
5853324,1,5868319
5844765,1,5867787
5842683,1,5867657
5857406,1,5867530
5844747,1,5866801
5843679,7,5866709
5858422,1,5866602
5858408,1,5866588
5858407,1,5866587
5856317,1,5866449
5856305,1,5866437
5848867,1,5866025
5848866,1,5866024
5848846,1,5866004
5846783,1,5865901
5855227,1,5865367
5847734,1,5864909
5856185,1,5864379
5853068,1,5864190
5853066,1,5864188
5856112,1,5863335
5856111,1,5863334
5853007,1,5863158
5851920,1,5863066
5851919,1,5863065
5833044,1,5816202
5861641,1,5853312
5839526,1,5817644
5839679,1,5819766
5834291,1,5819402
5833260,1,5819369
5861186,1,5846012
5840580,1,5817692
5840194,1,5811404
5830263,1,5804533
5845482,1,5862678
5844491,1,5862667
5844489,1,5862665
5843433,1,5862585
5843402,1,5862554
5856070,1,5862324
5855033,1,5862263
5851918,1,5862096
5847560,3,5861829
5847559,3,5861828
5844409,1,5861618
5844395,1,5861604
5844390,1,5861599
5854978,1,5861241
5846428,1,5860706
5846427,1,5860705
5846426,1,5860704
5846397,1,5860675
5843321,1,5860539
5852795,1,5860043
5849569,1,5859838
5849568,1,5859837
5847400,1,5859735
5847399,1,5859734
5847397,1,5859732
5847396,1,5859731
5846379,1,5859691
5845341,1,5859638
5845340,1,5859637
5847330,1,5858697
5847329,1,5858696
5846294,1,5858639
5842154,1,5858413
5853759,1,5858094
5853728,1,5858064
5853697,7,5858033
5846223,1,5857599
5841217,1,5810436
5842721,1,5867695
5841704,1,5818795
5836423,1,5819528
5835357,1,5819467
5837744,1,5807032
5841737,1,5818828
5840673,1,5818769
5833175,1,5818300
5833172,1,5818297
5831139,1,5818192
5841639,1,5817745
5839544,1,5817662
5839533,1,5817651
5837380,1,5817513
5837375,1,5817508
5837372,1,5817505
5840524,1,5816652
5839476,1,5816610
5839421,1,5816555
5839419,1,5816553
5838386,1,5816526
5838358,1,5816498
5838357,1,5816497
5841522,1,5815658
5841507,1,5815643
5841506,1,5815642
5837255,1,5815418
5834020,1,5815190
5841439,1,5814590
5839327,1,5814490
5839326,1,5814489
5839319,1,5814482
5839318,1,5814481
5842933,1,6044976
5856577,1,5854106
5832725,1,6044953
5840151,1,6044944
5866121,1,6042371
5851782,1,6037048
5840241,1,5812432
5859300,1,5850048
5834430,1,5804769
5832658,1,6044935
5841491,1,6037516
5852384,1,5869325
5852013,1,5864126
5850407,1,5855794
5836222,1,5816376
5837249,1,5815412
5837144,1,5814323
5837141,1,5814320
5835947,1,5812164
5836947,1,5811178
5836897,1,5810142
5836798,1,5808076
5836797,1,5808075
5836796,1,5808074
5835585,1,5805902
5843747,1,5867745
5843746,1,5867744
5849488,1,5857825
5850308,1,5853758
5864821,1,5853562
5859138,1,5846943
5854654,1,5856075
5860608,1,5853292
5861071,1,5843942
5867358,1,5843281
5833202,1,5819311
5833042,1,5816200
5830956,1,5816043
5830946,1,5816033
5832993,1,5815165
5831762,1,5812957
5833866,1,5812081
5830699,1,5811850
5830692,1,5811843
5830605,1,5809786
5831412,1,5807692
5830407,1,5807626
5831326,1,5805640
5833368,1,5804703
5847046,1,5870036
5852305,1,5868280
5852300,1,5868275
5846824,1,5866911
5850529,1,5857849
5847049,1,5854536
5847048,1,5854535
5847047,1,5854534
5850249,1,5853701
5835270,1,5818395
5836288,1,5817426
5835207,1,5817349
5837050,1,5812262
5836949,1,5811180
5836879,1,5810124
5836847,1,5809108
5836829,1,5809090
5835682,1,5807966
5836715,1,5807011
5835579,1,5805896
5836509,1,5803858
5847850,1,5866962
5848604,1,5861896
5859264,1,5849033
5832206,1,5819310
5832033,1,5817169
5839179,1,5812376
5839178,1,5812375
5832207,1,5803557
5835337,1,5819447
5835509,1,5804845
5837724,1,5806028
5841975,1,5806260
5840919,1,5806205
5839840,1,5806132
5838788,1,5806086
5837735,3,5806039
5830293,1,5805546
5841926,7,5805229
5838683,1,5805000
5837658,1,5804981
5837638,1,5804961
5834434,1,5804773
5833364,1,5804699
5833355,1,5804690
5840782,1,5804105
5839750,7,5804078
5839715,1,5804044
5838679,7,5804013
5838637,1,5803972
5837548,1,5803889
5834379,1,5803735
5834362,1,5803718
5833296,1,5803649
5833289,1,5803642
5833288,1,5803641
5836828,1,5809089
5836799,1,5808077
5835707,1,5807991
5841303,1,5812488
5835972,1,5812189
5835957,1,5812174
5835956,1,5812173
5834932,1,5812149
5834904,1,5812122
5836953,1,5811184
5835869,1,5811105
5834862,1,5811099
5833789,1,5811023
5833788,1,5811022
5833782,1,5811016
5833753,1,5810987
5861757,1,5837738
5860624,1,5837618
5862662,1,5852375
5862393,1,5848184
5862203,1,5845053
5832192,1,5819297
5863260,1,6042927
5848062,7,5870077
5848056,1,5870071
5848055,1,5870070
5848030,1,5870045
5847004,1,5869994
5858627,1,5869710
5857552,1,5869611
5856506,1,5869541
5856491,1,5869526
5854473,1,5869459
5854463,1,5869450
5853403,1,5869366
5851258,1,5869206
5846974,1,5868996
5846960,1,5868982
5858558,1,5868673
5851237,1,5868219
5851206,1,5868188
5851205,1,5868187
5846898,1,5867953
5846889,1,5867944
5846878,1,5867933
5856415,1,5867515
5856394,1,5867494
5851150,1,5867166
5851149,1,5867165
5851122,1,5867138
5846816,1,5866903
5846815,1,5866902
5846796,1,5866883
5855261,1,5866369
5851063,1,5866113
5851061,1,5866111
5851060,1,5866110
5849986,1,5866048
5847799,1,5865943
5847785,1,5865929
5846780,1,5865899
5846772,1,5865891
5846771,1,5865890
5846753,1,5865872
5846744,1,5865863
5846737,1,5865856
5846732,1,5865851
5858333,1,5865545
5857312,1,5865500
5853122,1,5865214
5851005,1,5865089
5849972,1,5865066
5849970,1,5865065
5856179,1,5864373
5855134,1,5864304
5853079,1,5864201
5853078,1,5864200
5850980,1,5864096
5850963,1,5864079
5850940,1,5864056
5850924,1,5864040
5847646,1,5863850
5847645,1,5863849
5847643,1,5863847
5841312,1,5812497
5850911,1,5863059
5850910,1,5863058
5850898,1,5863046
5846582,1,5862792
5846566,1,5862776
5846546,1,5862756
5846543,1,5862753
5854012,1,5862218
5850847,1,5862029
5850837,1,5862019
5850806,1,5861988
5850799,1,5861981
5850791,1,5861973
5848547,1,5861840
5848546,1,5861839
5857061,1,5861372
5850775,1,5860992
5848491,1,5860817
5847454,1,5860756
5854913,1,5860209
5851724,1,5859971
5850712,1,5859964
5847431,1,5859766
5847411,1,5859746
5847404,1,5859739
5847403,1,5859738
5847402,1,5859737
5847172,1,6044998
5866836,1,6044459
5838811,1,6044397
5846977,1,6038669
5857199,1,6037573
5846587,1,6037562
5848537,1,6037061
5841820,1,5819897
5841783,1,5819860
5841781,1,5819858
5841769,1,5819846
5836452,1,5819557
5835396,1,5819505
5835385,1,5819495
5835372,1,5819482
5832195,1,5819300
5830188,1,5819165
5841736,1,5818827
5841735,1,5818826
5841723,1,5818814
5836391,1,5818512
5835293,1,5818418
5841663,1,5817769
5836307,1,5817445
5840547,1,5816675
5840508,1,5816636
5835165,1,5816323
5840435,1,5815577
5836179,1,5815347
5836178,1,5815346
5836177,1,5815345
5840402,1,5814559
5830170,1,5819147
5830169,1,5819146
5830168,1,5819145
5836236,1,5816390
5836227,1,5816381
5830902,1,5815003
5830807,1,5813925
5840281,1,5812472
5832586,1,5808857
5832585,1,5808856
5830501,1,5808702
5830393,1,5806628
5841165,1,5810384
5841161,1,5810380
5840140,1,5810365
5840101,1,5810326
5839035,1,5810266
5833695,1,5809945
5833689,1,5809939
5832656,1,5809911
5832655,7,5809910
5832623,1,5809878
5832622,1,5809877
5841151,1,5809386
5841097,1,5809332
5837938,1,5809191
5836858,1,5809119
5833619,1,5808885
5833612,1,5808878
5833604,1,5808870
5832576,1,5808847
5832575,1,5808846
5830521,1,5808722
5841048,1,5808301
5841047,1,5808300
5836757,1,5808036
5833561,1,5807845
5833537,1,5807821
5832480,1,5807767
5832475,1,5807762
5832471,1,5807758
5839901,1,5807177
5838867,1,5807149
5836730,1,5807025
5836684,1,5806980
5836683,1,5806979
5835636,1,5806937
5835612,1,5806913
5835611,1,5806912
5833532,1,5806831
5833529,1,5806828
5833526,1,5806825
5833517,1,5806816
5833512,1,5806811
5833511,1,5806810
5833498,1,5806797
5833497,1,5806796
5832449,1,5806750
5840893,1,5806179
5839856,1,5806148
5835570,1,5805887
5835547,1,5805864
5837162,1,5814341
5836116,1,5814300
5836078,1,5814262
5836076,1,5814260
5836071,1,5814255
5836070,1,5814254
5838166,1,5813351
5837118,1,5813312
5837088,1,5813282
5837080,1,5813274
5837079,1,5813273
5841313,1,5812498
5838079,1,5812282
5835970,1,5812187
5835963,1,5812180
5834917,1,5812135
5835931,1,5811166
5835912,1,5811148
5835891,1,5811127
5834864,1,5811100
5841185,1,5810404
5840134,1,5810359
5839042,1,5810273
5835850,1,5810101
5835835,1,5810086
5835834,1,5810085
5835544,1,5805861
5835543,1,5805860
5835534,1,5805851
5833464,1,5805780
5833463,1,5805779
5833449,1,5805766
5833430,1,5805747
5836596,1,5804926
5835527,1,5804862
5835471,1,5804807
5830205,1,5804475
5840796,1,5804119
5835434,1,5803788
5863341,1,5847175
5847043,1,5870033
5847042,1,5870032
5847014,1,5870004
5843900,1,5869833
5843890,1,5869823
5857569,1,5869628
5856545,1,5869580
5854426,1,5869413
5848001,1,5869048
5846982,1,5869003
5846955,1,5868977
5843789,1,5868754
5858534,1,5868649
5846894,1,5867949
5846854,1,5867909
5844761,1,5867783
5855362,1,5867438
5855361,1,5867437
5846828,1,5866915
5843696,1,5866726
5856303,1,5866435
5844685,1,5865771
5844652,1,5865738
5844644,1,5865730
5858341,1,5865553
5855191,1,5865331
5854210,1,5865325
5853147,1,5865239
5856218,1,5864412
5854134,1,5864280
5846600,1,5863779
5843515,1,5863636
5858195,1,5863466
5857141,1,5863388
5856164,1,5863386
5856163,1,5863385
5855123,1,5863321
5847616,1,5862851
5847605,1,5862840
5858159,1,5862461
5852969,1,5862151
5851890,1,5862069
5858080,1,5861415
5854948,1,5861211
5853946,1,5861185
5853900,1,5861139
5845375,1,5860639
5847388,1,5859723
5857939,1,5859339
5856927,1,5859303
5855857,1,5859209
5854851,1,5859179
5850637,1,5858924
5847367,1,5858733
5847362,1,5858729
5857891,1,5858323
5857880,1,5858312
5854763,1,5858123
5854762,1,5858122
5853715,1,5858051
5853714,1,5858050
5851638,1,5857951
5851589,1,5857902
5851588,1,5857901
5847299,1,5857696
5847298,1,5857695
5854713,1,5857102
5854712,1,5857101
5851575,1,5856919
5851553,1,5856897
5851551,1,5856895
5851547,1,5856891
5851546,1,5856890
5851542,1,5856886
5851538,1,5856882
5851535,1,5856879
5851534,1,5856878
5851533,1,5856877
5851531,1,5856875
5851486,1,5855864
5851485,1,5855863
5851484,1,5855862
5851483,1,5855861
5851482,1,5855860
5847148,1,5855606
5856642,1,5855139
5855618,1,5855091
5851451,1,5854858
5851426,1,5854834
5851425,1,5854833
5851424,1,5854832
5856563,1,5854092
5853479,1,5853936
5851385,1,5853824
5851359,1,5853799
5851357,1,5853797
5851356,1,5853796
5851353,1,5853793
5851352,1,5853792
5864747,1,5852507
5860504,1,5852208
5860859,1,5840790
5860858,1,5840789
5860784,1,5839737
5860710,1,5838681
5845374,1,5860638
5845348,1,5860612
5852787,1,5860035
5852786,1,5860034
5847408,1,5859743
5845290,1,5859588
5842208,1,5859435
5842189,1,5859416
5842160,1,5859387
5842159,1,5859386
5856918,1,5859294
5853816,1,5859120
5848368,1,5858759
5847363,1,5858730
5847337,1,5858704
5845237,1,5858568
5845236,1,5858567
5842122,1,5858382
5842121,1,5858381
5842094,1,5858354
5855790,1,5858174
5855784,1,5858168
5855783,1,5858167
5853752,1,5858088
5852712,1,5858024
5847274,1,5857671
5846253,1,5857629
5845958,1,5869932
5854464,1,5869451
5845927,1,5868933
5845872,1,5868878
5846833,1,5866920
5855301,1,5866409
5855263,1,5866371
5854176,1,5865292
5857209,1,5864427
5855114,1,5863313
5852985,1,5863136
5863766,1,5853484
5863747,1,5853465
5863746,1,5853464
5863745,1,5853463
5863734,1,5853452
5863732,1,5853450
5862716,1,5853410
5862715,1,5853409
5862701,1,5853395
5862700,1,5853394
5860585,1,5853269
5860573,1,5853257
5860572,1,5853256
5860559,1,5853243
5863683,1,5852420
5863664,1,5852401
5863660,1,5852397
5862671,1,5852384
5862624,1,5852337
5860496,1,5852200
5859440,1,5852148
5863615,1,5851372
5863614,1,5851371
5863611,1,5851368
5862585,1,5851318
5860470,1,5851196
5860469,1,5851195
5860446,1,5851172
5860445,1,5851171
5860444,1,5851170
5860443,1,5851169
5860433,1,5851159
5836444,1,5819549
5836436,1,5819541
5835352,1,5819462
5835336,1,5819446
5831174,1,5819212
5840663,1,5818759
5840631,1,5818727
5840630,1,5818726
5836392,1,5818513
5835310,1,5818435
5835276,1,5818401
5840619,1,5817731
5840566,1,5817678
5836284,1,5817422
5835222,1,5817364
5840495,1,5816623
5841137,1,5809372
5841118,1,5809353
5840078,1,5809319
5835745,1,5809011
5836776,1,5808055
5835728,1,5808011
5837795,1,5807083
5837785,1,5807073
5841994,1,5806279
5841993,1,5806278
5841992,1,5806277
5841982,1,5806267
5839843,1,5806135
5841942,1,5805245
5841929,1,5805232
5841928,1,5805231
5841908,1,5805211
5839814,1,5805125
5839771,1,5805082
5836567,1,5804898
5835516,1,5804852
5841878,1,5804198
5841877,1,5804197
5841868,1,5804188
5841852,1,5804172
5841851,1,5804171
5836499,1,5803848
5836479,1,5803828
5836478,1,5803827
5835465,1,5803817
5835455,1,5803809
5835454,1,5803808
5835439,2,5803793
5836459,1,5819564
5836428,1,5819533
5836427,1,5819532
5835351,1,5819461
5831150,1,5819188
5860432,1,5851158
5860429,1,5851155
5863564,1,5850341
5863563,1,5850340
5863536,1,5850313
5863535,1,5850312
5863534,1,5850311
5863528,1,5850305
5862487,1,5850240
5860381,1,5850129
5863489,1,5849287
5862442,1,5849216
5860306,1,5849077
5860304,1,5849075
5863434,1,5848249
5862378,1,5848169
5862352,1,5848143
5863372,1,5847206
5862289,1,5847099
5863313,1,5846166
5863312,1,5846165
5863309,1,5846162
5863278,1,5846131
5863274,1,5846127
5862253,1,5846082
5862233,1,5846062
5862232,1,5846061
5835464,1,6043882
5835456,1,6043881
5843583,1,6038062
5835330,1,6038055
5835183,1,5816341
5835182,1,5816340
5836180,1,5815348
5836153,1,5815321
5836152,1,5815320
5840404,1,5814561
5840403,1,5814560
5837151,1,5814330
5837148,1,5814327
5836059,1,5813258
5841309,1,5812494
5838115,1,5812318
5837063,1,5812274
5841238,1,5811442
5836979,1,5811210
5836971,1,5811202
5833790,1,5811024
5833749,1,5810983
5836915,1,5810160
5835854,1,5810105
5833735,1,5809984
5833732,1,5809981
5833708,1,5809958
5833670,1,5809920
5832603,1,5809858
5830552,1,5809734
5841146,1,5809381
5841119,1,5809354
5835794,1,5809060
5833667,1,5808932
5833655,1,5808921
5833634,1,5808900
5833633,1,5808899
5831523,1,5808785
5831522,1,5808784
5830504,1,5808705
5841046,1,5808299
5836756,1,5808035
5836755,1,5808034
5835714,1,5807998
5835690,1,5807974
5833591,1,5807875
5833590,1,5807874
5833557,1,5807841
5830423,1,5807642
5841004,1,5807274
5836698,1,5806994
5836697,1,5806993
5836696,1,5806992
5836685,1,5806981
5836681,1,5806977
5839873,1,5806165
5839866,1,5806158
5836669,1,5805979
5836667,1,5805978
5836666,1,5805977
5836607,1,5805919
5832366,1,5805683
5835513,1,5804849
5835500,1,5804836
5835485,1,5804821
5835453,1,5803807
5835407,1,5803761
5840634,1,5818730
5838482,1,5818590
5836361,1,5818482
5836359,1,5818480
5836342,1,5818463
5840601,1,5817713
5840570,1,5817682
5839510,1,5817628
5836328,1,5817465
5835211,1,5817353
5840522,1,5816650
5838377,1,5816517
5838376,1,5816516
5837274,1,5816423
5836210,1,5816364
5836205,1,5816359
5835164,1,5816322
5835157,1,5816315
5841557,1,5815693
5837214,1,5815377
5836167,1,5815335
5836166,1,5815334
5836163,1,5815331
5841488,1,5814639
5840422,1,5814578
5840421,1,5814577
5840415,1,5814572
5840412,1,5814569
5837152,1,5814331
5837142,1,5814321
5836089,1,5814273
5836086,1,5814270
5830843,1,5813961
5840290,1,5813463
5834958,7,5813159
5830778,1,5812912
5845193,1,5857555
5857848,1,5857309
5847184,1,5856610
5855700,1,5856145
5854649,1,5856070
5853530,1,5854955
5848119,1,5854630
5857649,1,5854202
5861566,1,5852258
5866828,1,5851586
5864666,1,5851447
5859372,1,5851100
5859315,1,5850063
5864555,1,5849377
5864519,1,5849341
5866622,1,5848442
5864437,1,5848276
5859185,1,5847971
5859179,1,5847965
5859123,1,5846928
5865401,1,5846302
5864297,1,5845195
5864242,1,5845140
5865223,1,5844165
5865222,1,5844164
5858946,1,5843809
5865194,1,5843156
5865184,1,5843146
5865158,1,5843120
5866236,1,5842171
5866199,1,5842134
5842090,1,5841735
5842089,1,5841734
5842055,1,5841701
5842033,1,5841679
5842032,1,5841678
5865080,1,5841075
5864991,1,5840005
5867109,1,5839112
5867023,1,5838050
5862227,1,5846056
5860116,1,5845949
5863248,1,5845122
5863243,1,5845117
5863240,1,5845114
5863239,1,5845113
5863221,1,5845095
5863210,1,5845084
5862179,1,5845029
5862168,1,5845018
5862160,1,5845010
5863164,1,5844058
5863161,1,5844055
5863156,1,5844050
5863151,1,5844045
5863150,1,5844044
5862109,1,5843979
5862094,1,5843964
5862093,1,5843963
5863117,1,5843031
5863116,1,5843030
5863103,1,5843017
5863098,1,5843012
5863090,1,5843004
5863080,1,5842994
5863079,1,5842993
5863078,1,5842992
5862086,1,5842976
5862085,1,5842975
5862075,1,5842965
5862063,1,5842953
5862062,1,5842952
5862041,1,5842931
5862040,1,5842930
5862039,1,5842929
5862038,1,5842928
5862037,1,5842927
5862036,1,5842926
5862033,1,5842923
5862031,1,5842921
5864057,1,5842013
5864056,1,5842012
5863021,1,5841953
5862008,1,5841916
5861995,1,5841903
5861994,1,5841902
5864040,1,5841011
5864024,1,5840996
5864016,1,5840988
5864011,1,5840983
5864010,1,5840982
5864006,1,5840978
5863979,1,5840951
5862977,1,5840924
5862964,1,5840911
5861924,1,5840847
5861897,1,5840820
5863912,1,5839903
5862920,1,5839887
5862916,1,5839883
5862915,1,5839882
5862903,1,5839870
5861873,1,5839816
5863891,1,5838898
5863884,1,5838891
5863861,1,5838868
5862843,1,5838826
5862827,1,5838810
5862824,1,5838807
5862813,1,5838796
5862812,1,5838795
5861826,1,5838785
5861797,1,5838756
5861787,1,5838746
5860725,1,5838696
5863782,1,5837811
5863781,1,5837810
5862766,1,5837771
5862759,1,5837764
5862755,1,5837760
5862750,1,5837755
5839832,1,5806124
5836616,1,5805928
5839809,1,5805120
5851281,1,5869229
5848534,1,5860860
5851581,1,5856925
5851580,1,5856924
5861041,1,5843912
5840583,1,5817695
5836588,1,5804919
5846910,1,5867965
5861150,1,5844999
5861027,1,5843898
5837770,1,5807058
5834513,1,5805834
5852749,1,5859029
5863359,1,5847193
5862822,1,5838805
5830412,1,5807631
5831347,1,5806643
5831281,1,5805595
5830332,1,5805585
5830234,1,5804504
5856312,1,5866444
5856244,1,5865408
5858203,1,5863474
5858831,1,5856342
5858808,1,5856320
5858791,1,5856303
5859507,1,5853197
5861477,1,5850215
5859354,1,5850101
5859353,1,5850100
5859352,1,5850099
5860334,1,5849105
5859153,1,5846958
5859117,1,5846922
5858880,1,5842763
5858858,1,5842741
5867295,1,5842239
5867229,1,5841191
5867228,1,5841190
5859754,1,5840699
5859733,1,5839698
5859678,1,5838658
5859658,1,5838639
5859603,1,5837605
5854534,1,6044971
5861199,1,5846025
5861698,7,6044960
5833736,1,6044937
5838744,7,6043905
5867447,8,6042911
5843776,1,5867774
5837089,1,5813283
5838986,1,5809233
5834659,1,5807945
5832211,1,5803561
5846754,1,5865873
5855666,1,5856111
5856636,1,5855133
5854586,1,5855035
5843942,1,5854370
5864715,1,5852475
5864714,1,5852474
5866815,1,5851573
5864485,1,5848324
5866567,1,5847404
5865360,1,5846261
5865353,1,5846254
5860088,1,5845921
5859045,1,5845870
5861137,1,5844986
5867249,1,5842193
5865101,1,5842081
5865093,1,5842073
5842077,1,5841723
5867236,1,5841198
5867235,1,5841197
5864952,1,5839966
5864846,1,5837898
5864845,1,5837897
5866958,1,5837009
5830793,1,5812927
5830727,1,5811878
5830676,1,5811827
5831620,1,5810847
5831579,1,5809822
5831575,8,5809818
5830474,8,5808675
5831468,1,5807748
5831405,1,5806701
5831369,1,5806665
5830390,1,5806625
5830361,1,5806596
5833344,1,5804679
5841795,1,5819872
5841794,1,5819871
5835126,1,5815297
5838253,1,5814422
5831743,1,5811953
5837907,1,5809160
5830516,1,5808717
5841985,1,5806270
5834485,1,5805806
5834484,1,5805805
5841872,22,5804192
5841871,3,5804191
5841965,1,5806250
5841963,1,5806248
5835132,1,5816290
5837246,1,5815409
5846927,1,5868949
5860211,1,6043432
5836326,1,6038037
5852385,1,5869326
5844172,1,5857509
5858771,1,5856283
5867179,1,5841141
5839583,1,5818685
5836363,1,5818484
5860814,1,5839767
5836024,7,5813224
5834923,1,5812141
5834697,7,5808965
5837559,1,5803900
5837234,1,5815397
5837233,1,5815396
5837202,1,5814380
5835806,1,5810057
5835718,7,5808002
5835717,1,5808001
5839480,1,6038022
5837470,1,6038058
5844298,1,6037040
5845792,7,5866863
5845753,1,5866824
5853045,1,5864167
5853044,1,5863194
5847486,1,5860788
5852780,1,5859059
5840411,1,5814568
5841317,1,5812502
5836608,1,5805920
5857911,1,5858343
5856868,1,5858276
5851653,1,5857965
5854716,1,5857105
5851481,1,5855859
5858739,1,5855283
5858738,1,5855282
5848106,1,5854617
5861662,1,5853333
5860617,1,5853300
5866823,1,5851581
5866689,1,5849489
5861744,1,5837725
5861703,1,5837684
5861700,1,5837681
5866926,1,5836977
5832151,1,5819256
5839596,1,5818698
5832046,1,5817182
5831943,1,5816094
5832858,1,5813063
5831764,1,5812959
5832785,1,5812007
5835924,1,5811160
5835914,1,5811150
5835909,1,5811145
5833677,1,5809927
5831551,1,5809794
5836651,1,5805963
5840884,1,5805189
5832315,1,5804648
5832309,1,5804642
5833797,1,6044954
5832267,1,6043878
5856214,1,5864408
5853047,1,5864169
5845582,1,5863746
5854939,1,5861202
5853908,1,5861147
5851804,1,5861017
5853780,1,5859084
5852767,7,5859047
5843105,1,5857419
5843104,1,5857418
5857804,1,5857265
5857803,1,5857264
5857802,1,5857263
5857797,1,5857258
5857796,1,5857257
5857795,1,5857256
5857793,1,5857254
5857792,1,5857253
5857791,1,5857252
5857757,1,5856250
5857756,7,5856249
5856632,1,5855129
5859230,1,5848999
5866645,1,5848464
5860248,1,5848038
5866533,1,5847370
5866532,1,5847369
5866431,1,5845307
5859017,1,5844861
5840745,1,5819826
5838540,1,5818648
5839527,1,5817645
5839482,1,5816615
5839479,1,5816613
5839434,1,5816568
5839433,1,5816567
5839367,1,5815515
5839310,1,5814473
5840351,1,5813524
5839271,1,5813450
5841240,1,5811444
5840210,1,5811420
5840209,1,5811419
5840208,1,5811418
5840182,1,5811392
5840159,1,5811369
5838062,1,5811284
5838061,1,5811283
5835902,1,5811138
5840063,1,5809304
5837937,1,5809190
5839964,1,5808223
5838907,1,5808172
5838906,1,5808171
5838905,1,5808170
5837757,1,5807045
5837756,1,5807044
5837755,1,5807043
5845749,1,5866820
5863744,1,5853462
5863607,1,5851364
5863596,1,5851353
5835598,1,6044393
5860078,1,6042923
5867035,1,6041863
5855185,1,6037588
5857134,1,6037556
5857930,3,5859330
5854834,1,5859162
5848408,1,5858798
5843192,1,5858475
5855821,1,5858205
5844146,1,5857484
5844109,1,5857447
5846124,1,5855563
5842997,1,5855372
5842934,1,5854337
5864800,1,5853541
5861678,1,5853349
5859525,1,5853215
5859139,1,5846944
5842044,1,5841690
5862570,1,5851303
5862460,1,5849234
5863432,1,5848247
5862343,1,5847153
5863189,1,5844083
5862117,1,5843987
5863096,1,5843010
5861973,1,5841881
5863983,1,5840955
5863853,1,5838860
5858355,1,5865567
5842417,1,5862544
5842416,1,5862543
5844107,1,5856473
5865012,1,5840026
5865011,1,5840025
5841777,1,5819854
5838547,1,5819640
5834009,1,5815179
5838228,1,5814397
5840332,1,5813505
5837114,1,5813308
5834947,1,5813148
5834946,1,5813147
5831539,1,5808801
5837822,1,5808093
5837819,1,5808090
5839933,1,5807209
5842006,1,5806291
5834502,1,5805823
5831285,1,5805599
5831284,1,5805598
5839733,1,5804062
5839720,1,5804049
5838677,1,5804012
5855184,1,5864354
5858055,1,5861390
5854487,1,5853968
5864171,1,5844089
5857241,1,5864459
5835672,1,5807956
5859740,1,6042364
5830682,1,5811833
5853381,1,5869344
5854071,1,5863246
5853758,1,5858093
5853727,1,5858063
5854509,1,5853990
5833174,1,5818299
5833173,1,5818298
5832132,1,5818252
5832131,1,5818251
5833068,1,5817210
5831862,1,5814042
5831781,1,5812976
5831755,1,5812950
5831754,1,5812949
5831753,1,5812948
5831752,1,5812947
5831728,1,5811939
5831727,1,5811938
5831691,1,5811902
5831689,1,5811900
5831688,1,5811899
5830721,1,5811872
5831616,6,5810843
5830638,1,5810805
5831506,1,5808768
5831505,1,5808767
5831504,1,5808766
5831503,1,5808765
5833540,1,5807824
5831436,1,5807716
5830385,1,5806620
5830381,1,5806616
5830366,1,5806601
5830365,1,5806600
5831331,1,5805645
5843850,1,5869783
5844806,1,5867828
5843261,1,5859511
5842174,1,5859401
5855881,1,5859233
5844022,1,5855421
5866607,1,5848427
5839368,1,5815516
5835005,1,5814191
5838087,1,5812290
5838086,1,5812289
5839932,1,5807208
5838865,1,5807147
5855487,1,5869498
5853413,1,5869376
5857475,1,5868566
5850163,1,5868158
5846858,1,5867913
5858443,1,5867591
5855270,1,5866378
5845718,1,5865821
5845655,1,5864789
5853057,1,5864179
5858207,1,5863478
5857153,1,5863400
5857152,1,5863399
5855115,1,5863314
5855109,1,5863308
5848632,1,5862891
5845526,1,5862722
5844373,1,5861582
5854968,1,5861231
5853952,1,5861190
5852782,1,5859061
5851668,1,5858948
5856184,1,5864378
5856149,1,5863372
5856071,1,5862325
5855057,1,5862286
5856962,1,5860306
5831102,1,5818156
5830905,1,5815006
5830712,1,5811863
5830572,1,5809754
5831481,1,5808743
5831480,1,5808742
5830440,1,5807659
5830364,1,5806599
5830363,1,5806598
5846127,1,6044997
5866964,1,5837015
5836365,1,5818486
5839697,1,5804026
5838660,1,5803995
5835754,1,5809020
5860186,1,5846997
5860139,1,5845972
5860862,1,5840793
5861607,1,5852299
5836038,1,5813238
5839950,1,6044417
5863640,1,5851397
5860392,1,5850140
5836277,1,5817415
5837235,1,5815398
5846393,1,5859704
5855873,1,5859225
5856842,1,5858250
5849458,1,5857795
5848328,1,5857749
5849412,1,5856781
5849411,1,5856780
5857743,1,5856236
5849337,1,5855742
5849336,1,5855741
5844001,1,5855400
5857707,1,5855228
5857705,1,5855226
5854580,1,5855029
5849271,1,5854709
5849267,1,5854705
5849266,1,5854704
5849265,1,5854703
5865819,1,5853580
5861636,1,5853307
5861633,1,5853304
5859492,1,5853182
5865753,1,5852533
5864736,1,5852496
5861630,1,5852321
5861629,1,5852320
5836870,1,6044922
5836259,1,6038018
5857470,1,5868561
5842701,1,5867675
5855869,1,5859221
5855864,1,5859216
5842883,1,5854287
5842882,1,5854286
5861694,1,5853365
5859224,1,5848009
5859223,1,5848008
5861727,1,5837708
5838542,1,5818650
5838541,1,5818649
5836366,1,5818487
5836364,1,5818485
5836337,1,5818458
5836336,1,5818457
5836335,1,5818456
5840599,1,5817711
5836276,1,5817414
5836275,1,5817413
5835213,1,5817355
5835212,1,5817354
5836258,1,5816412
5836257,1,5816411
5840289,1,5813462
5839273,1,5813452
5837015,1,5812227
5836991,1,5811222
5835901,1,5811137
5835900,1,5811136
5835899,1,5811135
5836871,1,5810116
5835719,1,5808003
5835671,1,5807955
5836699,1,5806995
5835648,1,5806949
5836646,1,5805958
5836645,1,5805957
5835429,7,5803783
5835412,1,5803766
5866446,1,6042929
5865618,1,5850437
5861492,1,5850229
5861491,1,5850228
5861490,1,5850227
5861449,1,5850187
5859340,1,5850088
5859339,1,5850087
5861383,1,5849145
5861382,1,5849144
5861381,1,5849143
5866582,1,5848402
5861352,1,5848134
5859210,1,5847996
5859208,1,5847994
5859206,1,5847992
5843801,1,5868766
5857471,1,5868562
5857469,1,5868560
5853048,1,5864170
5858184,1,5863455
5853021,7,5863172
5854940,7,5861203
5853907,7,5861146
5851844,1,5861057
5854921,1,5860217
5848335,1,5857756
5843103,1,5857417
5846188,1,5856594
5857755,7,5856248
5842917,1,5854321
5842916,1,5854320
5866875,1,5852614
5866874,1,5852613
5866697,1,5849497
5858861,1,5842744
5858860,1,5842743
5840682,1,5818778
5840681,1,5818777
5839483,1,5816616
5839481,1,5816614
5840434,1,5815576
5840433,1,5815575
5839212,1,5812409
5838085,1,5812288
5830705,1,5811856
5838866,1,5807148
5850641,1,6037029
5850962,1,5864078
5850961,1,5864077
5842359,1,5862487
5842243,1,5860437
5849523,1,5858827
5861444,1,5850182
5839834,1,5806126
5838776,1,5806074
5838775,1,5806073
5838774,1,5806072
5838074,1,6036986
5848072,1,5870087
5848071,1,5870086
5848060,1,5870075
5848054,1,5870069
5848035,1,5870050
5847021,1,5870011
5847020,1,5870010
5847012,1,5870002
5858597,1,5869680
5854420,1,5869407
5853433,1,5869395
5853426,1,5869389
5846975,1,5868997
5846952,1,5868974
5846949,1,5868971
5858535,1,5868650
5856468,1,5868535
5856447,1,5868514
5854362,1,5868381
5854361,1,5868380
5853362,1,5868357
5847956,1,5868035
5847955,1,5868034
5847900,1,5867980
5846893,1,5867948
5846888,1,5867943
5844795,1,5867817
5855373,1,5867449
5854327,1,5867379
5853254,1,5867282
5853253,1,5867281
5847869,1,5866981
5858413,1,5866593
5858406,1,5866586
5858405,1,5866585
5856322,1,5866454
5854249,1,5866333
5854248,1,5866332
5853183,1,5866243
5847825,1,5865968
5847824,1,5865967
5847811,1,5865955
5847769,1,5865913
5858332,1,5865544
5858331,1,5865543
5857314,1,5865502
5857313,1,5865501
5857285,1,5865473
5856272,1,5865436
5854211,1,5865326
5853167,1,5865259
5847758,1,5864932
5847753,1,5864928
5847740,1,5864915
5847739,1,5864914
5847733,1,5864908
5847732,1,5864907
5847721,1,5864896
5847717,1,5864892
5854472,1,5869458
5855444,1,5868487
5843629,1,5865691
5843516,1,5863637
5852747,1,5859027
5862646,1,5852359
5863485,1,5849283
5862092,1,5843962
5863010,1,5841942
5861978,1,5841886
5864036,1,5841008
5861931,1,5840854
5858147,1,5862449
5864244,1,5845142
5847708,1,5864883
5845635,1,5864769
5843584,1,5864675
5857243,1,5864461
5855135,1,5864305
5847691,1,5863895
5847685,1,5863889
5847667,1,5863871
5847655,1,5863859
5846616,1,5863795
5846602,1,5863781
5845592,1,5863756
5845581,1,5863745
5845580,1,5863744
5845568,1,5863732
5845545,1,5863709
5858244,1,5863514
5858243,1,5863513
5858242,1,5863512
5858241,1,5863511
5858233,1,5863504
5858197,1,5863468
5856139,1,5863362
5855094,1,5863293
5854047,1,5863222
5853013,1,5863164
5853012,1,5863163
5853011,1,5863162
5852984,1,5863135
5847594,1,5862829
5847575,1,5862810
5846591,1,5862800
5846556,1,5862766
5851739,1,5859986
5846555,1,5862765
5846529,1,5862739
5845515,1,5862711
5843397,1,5862549
5857078,1,5862356
5857075,1,5862353
5855024,1,5862254
5853990,1,5862196
5852978,1,5862159
5848595,1,5861888
5847566,1,5861834
5847563,1,5861831
5847531,1,5861800
5846513,1,5861757
5845469,1,5861699
5845460,1,5861690
5845434,1,5861664
5845411,1,5861641
5858109,1,5861444
5858050,1,5861385
5857073,1,5861383
5856031,1,5861317
5854947,1,5861210
5852903,1,5861118
5852902,1,5861117
5852895,1,5861110
5848526,1,5860852
5848521,1,5860847
5848510,1,5860836
5848501,1,5860827
5848490,1,5860816
5847475,1,5860777
5845405,1,5860669
5845397,1,5860661
5845387,1,5860651
5845377,1,5860641
5845359,1,5860623
5845358,1,5860622
5845357,1,5860621
5845353,1,5860617
5845352,1,5860616
5845351,1,5860615
5858027,1,5860395
5856972,1,5860316
5856963,1,5860307
5855937,1,5860257
5855936,1,5860256
5855909,1,5860229
5853881,1,5860153
5853871,1,5860143
5853870,1,5860142
5852790,1,5860038
5852789,1,5860037
5848459,1,5859818
5848418,1,5859777
5848416,1,5859775
5848415,1,5859774
5847424,1,5859759
5847423,1,5859758
5847422,1,5859757
5847387,1,5859722
5847377,1,5859712
5846394,1,5859705
5845337,1,5859635
5845336,1,5859634
5845335,1,5859633
5845333,1,5859631
5845322,1,5859620
5845317,1,5859615
5845316,1,5859614
5845313,1,5859611
5845301,1,5859599
5845300,1,5859598
5845297,1,5859595
5845296,1,5859594
5845291,1,5859589
5845288,1,5859586
5845283,1,5859581
5857924,1,5859324
5854858,1,5859186
5853817,1,5859121
5853814,1,5859118
5864525,1,5849347
5866627,1,5848447
5866620,1,5848440
5866619,1,5848439
5864486,1,5848325
5864476,1,5848315
5859184,1,5847970
5866536,1,5847373
5865413,1,5847295
5864401,1,5847259
5866495,1,5846351
5864361,1,5846238
5864354,1,5846231
5864316,1,5846193
5864305,1,5846182
5859083,1,5845908
5859061,1,5845886
5860377,1,5850125
5835346,1,5819456
5836313,1,5817451
5835251,1,5817393
5835204,1,5817346
5853795,1,5859099
5852784,1,5859063
5852774,1,5859054
5852745,1,5859025
5848410,1,5858800
5848409,1,5858799
5848389,1,5858780
5847371,1,5858737
5847365,1,5858732
5847361,1,5858728
5847356,1,5858723
5847308,1,5858675
5847307,1,5858674
5846266,1,5858611
5845267,1,5858598
5845259,1,5858590
5845245,1,5858576
5845234,1,5858565
5842141,1,5858401
5854789,1,5858149
5854785,1,5858145
5854784,1,5858144
5853713,1,5858049
5852696,1,5858008
5852695,1,5858007
5852674,1,5857986
5848343,1,5857763
5848336,1,5857757
5848323,1,5857744
5848322,1,5857743
5848317,1,5857738
5836235,1,5816389
5836234,1,5816388
5836228,1,5816382
5835142,1,5816300
5836165,1,5815333
5836154,1,5815322
5836087,1,5814271
5836937,1,5811168
5835845,1,5810096
5835844,1,5810095
5836753,1,5808032
5834664,1,5807949
5835517,1,5804853
5835400,1,5803754
5848315,1,5857736
5848312,1,5857733
5848311,1,5857732
5847301,1,5857698
5847273,1,5857670
5846258,1,5857634
5845210,1,5857572
5845208,1,5857570
5845190,1,5857552
5857847,1,5857308
5856784,1,5857221
5856768,1,5857205
5856753,1,5857190
5855719,1,5857132
5855718,1,5857131
5852601,1,5856942
5848272,1,5856722
5848271,1,5856721
5848230,1,5856680
5848228,1,5856678
5847197,1,5856623
5847180,1,5856606
5857776,1,5856269
5856692,1,5856161
5848201,1,5855683
5848200,1,5855682
5848152,1,5855634
5847171,1,5855629
5847135,1,5855593
5847114,1,5855572
5856646,1,5855143
5854543,1,5854992
5853514,1,5854939
5852524,1,5854924
5848151,1,5854661
5848107,1,5854618
5847088,1,5854575
5847078,1,5854565
5847065,1,5854552
5847057,1,5854544
5847056,1,5854543
5847052,1,5854539
5858648,1,5854225
5858641,1,5854218
5858640,1,5854217
5856603,1,5854132
5855536,1,5854041
5855526,1,5854031
5854536,1,5854016
5853450,1,5853907
5853442,1,5853899
5863777,1,5853495
5866888,1,5852627
5864745,1,5852505
5864738,1,5852498
5866838,1,5851595
5866834,1,5851592
5866833,1,5851591
5866829,1,5851587
5866803,1,5851561
5864645,1,5851426
5866730,1,5850508
5866729,1,5850507
5864615,1,5850416
5864563,1,5850364
5844363,1,6037057
5866708,1,5849507
5865579,1,5849420
5864520,1,5849342
5864504,1,5849326
5864502,1,5849324
5864461,1,5848300
5864452,1,5848291
5864429,1,5847287
5864408,1,5847266
5864396,1,5847254
5864376,1,5847234
5864373,1,5847231
5865386,1,5846287
5864351,1,5846228
5864347,1,5846224
5864330,1,5846207
5865333,1,5845255
5865320,1,5845242
5849127,1,5870141
5848046,1,5870061
5848028,1,5870043
5858626,1,5869709
5857560,1,5869619
5857542,1,5869601
5845870,1,5868876
5848991,1,5868077
5845869,1,5867907
5844802,1,5867824
5848896,1,5867018
5848894,1,5867016
5854222,1,5866306
5857280,1,5865468
5847574,1,5862809
5846531,1,5862741
5846530,1,5862740
5857128,1,5862406
5853969,1,5862175
5847564,1,5861832
5847530,1,5861799
5845438,1,5861668
5853920,1,5861159
5849679,1,5860911
5857993,1,5860361
5856960,1,5860304
5856951,1,5860295
5853865,1,5860137
5853864,1,5860136
5847427,1,5859762
5856926,1,5859302
5854855,1,5859183
5849511,1,5858815
5845230,1,5858561
5845229,1,5858560
5852708,1,5858020
5849433,1,5857770
5845201,1,5857563
5853633,7,5856998
5857745,7,5856238
5857737,1,5856230
5848158,1,5855640
5854568,1,5855017
5853520,1,5854945
5864806,1,5853547
5864769,1,5853510
5859501,1,5853191
5864702,1,5852462
5866800,1,5851558
5864687,1,5851467
5864685,1,5851465
5864655,1,5851436
5859417,1,5851144
5866750,1,5850528
5866743,1,5850521
5866741,1,5850519
5864592,1,5850393
5864581,1,5850382
5865565,3,5849406
5864547,1,5849369
5864534,1,5849356
5864496,1,5849318
5864433,1,5848272
5865424,1,5847306
5866514,1,5846369
5865385,1,5846286
5865363,1,5846264
5864346,1,5846223
5859071,1,5845896
5866436,1,5845312
5866425,1,5845301
5866405,1,5845281
5865321,1,5845243
5865281,1,5845203
5864285,1,5845183
5864281,1,5845179
5864268,1,5845166
5830860,1,5813978
5857593,1,5869651
5865538,1,6043928
5856160,1,6037572
5854014,1,6037553
5832278,1,5804611
5831236,1,5804567
5840791,1,5804114
5837556,1,5803897
5855472,1,5869483
5855464,1,5869475
5854424,1,5869411
5854417,1,5869404
5844755,1,5866808
5857177,1,5863424
5842329,1,5861490
5842298,1,5861459
5842297,1,5861458
5854587,1,5855036
5854582,1,5855031
5854579,1,5855028
5865446,1,5847328
5865440,1,5847322
5865224,1,5844166
5864207,1,5844125
5860016,1,5843894
5864166,1,5843104
5858894,1,5842777
5866178,1,5841128
5865053,1,5841048
5865048,1,5841043
5866112,1,5840080
5866111,1,5840079
5865010,1,5840024
5866031,1,5839017
5864937,1,5838968
5865964,1,5837970
5865936,1,5837942
5865935,1,5837941
5864851,1,5837903
5864838,1,5837890
5864837,1,5837889
5840506,1,5816634
5839453,1,5816587
5839431,1,5816565
5839418,1,5816552
5835174,1,5816332
5835167,1,5816325
5835137,1,5816295
5833029,1,5816187
5839417,1,5815564
5839383,1,5815531
5839369,1,5815517
5839355,1,5815503
5837229,1,5815392
5836147,1,5815315
5836146,1,5815314
5840371,1,5814528
5839345,1,5814508
5839302,1,5814465
5839297,1,5814460
5839292,1,5814455
5839291,1,5814454
5839290,1,5814453
5839285,1,5814448
5838272,1,5814441
5838269,1,5814438
5838220,1,5814389
5837173,1,5814352
5836109,1,5814293
5840293,1,5813466
5839274,1,5813453
5839257,1,5813436
5839247,1,5813426
5839242,1,5813421
5838180,1,5813365
5838175,1,5813360
5838158,1,5813343
5839193,1,5812390
5839180,1,5812377
5839167,1,5812364
5838098,1,5812301
5837057,1,5812269
5837039,1,5812251
5834889,1,5812107
5839147,1,5811362
5839137,1,5811353
5839136,1,5811352
5839133,1,5811349
5839115,1,5811331
5839111,1,5811327
5839095,1,5811311
5839093,1,5811309
5838051,1,5811273
5838032,1,5811254
5838019,1,5811241
5836998,1,5811228
5836945,1,5811176
5835918,1,5811154
5834829,1,5811066
5834826,1,5811063
5834801,1,5811038
5840107,1,5810332
5839075,1,5810306
5839074,1,5810305
5839052,1,5810283
5839050,1,5810281
5837960,1,5810197
5837950,1,5810187
5834761,1,5810013
5832610,1,5809865
5832601,1,5809856
5841121,1,5809356
5840073,1,5809314
5838969,1,5809216
5837908,1,5809161
5837902,1,5809155
5836860,1,5809121
5832587,1,5808858
5832579,1,5808850
5832574,1,5808845
5832546,1,5808817
5838900,1,5808165
5838898,1,5808163
5838897,1,5808162
5837854,1,5808125
5835700,1,5807984
5834714,1,5808982
5834701,1,5808969
5831514,1,5808776
5835712,1,5807996
5835687,1,5807971
5835686,1,5807970
5832425,1,5806726
5840928,1,5806214
5835578,1,5805895
5830326,1,5805579
5837674,1,5804996
5838664,1,5803999
5837555,1,5803896
5837544,1,5803885
5844950,1,5869906
5844931,1,5869888
5844905,1,5869862
5858622,1,5869705
5856518,1,5869553
5856503,7,5869538
5854453,1,5869440
5853380,1,5869343
5843836,1,5868801
5842799,1,5868740
5856455,1,5868522
5856431,1,5868498
5855386,1,5868429
5854393,1,5868412
5854370,1,5868389
5854357,1,5868376
5846900,1,5867955
5844812,1,5867834
5844792,1,5867814
5849150,1,5870164
5847045,1,5870035
5847044,1,5870034
5847026,7,5870016
5858604,1,5869687
5852370,1,5869311
5851301,1,5869249
5850184,1,5869145
5849062,1,5869111
5846962,1,5868984
5846956,1,5868978
5853306,1,5868301
5852323,1,5868297
5852294,1,5868269
5852278,8,5868253
5849006,1,5868092
5845824,7,5867863
5852215,1,5867225
5852204,1,5867214
5851169,1,5867185
5851168,1,5867184
5848900,1,5867022
5845804,1,5866874
5845774,3,5866845
5845774,2,6060842
5845766,1,5866837
5845756,1,5866827
5858421,1,5866601
5848836,1,5865994
5846774,1,5865893
5852121,1,5865200
5852089,1,5865169
5852086,22,5865166
5851031,1,5865115
5849962,1,5865057
5849961,1,5865056
5847711,7,5864886
5856172,1,5864366
5854106,1,5864252
5852052,1,5864164
5852020,7,5864133
5852014,7,5864127
5851998,8,5864111
5851994,1,5864107
5851991,7,5864104
5850984,1,5864099
5850947,1,5864063
5850934,3,5864050
5849869,1,5863996
5848704,1,5863930
5848694,1,5863920
5856132,1,5863355
5850899,1,5863047
5850890,1,5863038
5848631,1,5862890
5847619,1,5862854
5846537,1,5862747
5845525,1,5862721
5855051,1,5862281
5852973,1,5862155
5849716,4,5861912
5849715,4,5861911
5846410,1,5860688
5856955,1,5860299
5855940,1,5860260
5854878,1,5860174
5848453,1,5859812
5847413,1,5859748
5855849,1,5859201
5850646,7,5858932
5850607,1,5858894
5849518,1,5858822
5844214,1,5858521
5844213,1,5858520
5856852,1,5858260
5856844,1,5858252
5851629,1,5857942
5850558,1,5857878
5849489,1,5857826
5857851,1,5857311
5854677,1,5857066
5851561,1,5856905
5850510,1,5856861
5850473,1,5856825
5850472,1,5856824
5850450,1,5856802
5849425,1,5856794
5835699,1,5807983
5835698,1,5807982
5834665,1,5807950
5834641,1,5807927
5834634,1,5807920
5832532,1,5807819
5832509,1,5807796
5832501,1,5807788
5832485,1,5807772
5832482,1,5807769
5832474,1,5807761
5831448,1,5807728
5838821,1,5807103
5838816,1,5807098
5837807,1,5807094
5837806,1,5807093
5837779,1,5807067
5836695,1,5806991
5832467,1,5806768
5863139,1,5844033
5830481,1,5808682
5862721,1,5853415
5862720,1,5853414
5863699,1,5852436
5862627,1,5852340
5862625,1,5852338
5863527,1,5850304
5863476,1,5849274
5862444,1,5849218
5862414,1,5848205
5863231,1,5845105
5863212,1,5845086
5862216,1,5845066
5863184,1,5844078
5862141,1,5844011
5863094,1,5843008
5863091,1,5843005
5862060,1,5842950
5863053,1,5841985
5863052,1,5841984
5863051,1,5841983
5863001,1,5841933
5862929,1,5839896
5861862,1,5839805
5861860,1,5839803
5863887,1,5838894
5862808,1,5838791
5861795,1,5838754
5862799,1,5837804
5831193,1,5819231
5831086,1,5818140
5830248,1,5804518
5837040,1,5812252
5851466,3,5855844
5851462,1,5855840
5850378,1,5855765
5849293,1,5855698
5848180,1,5855662
5858740,4,5855284
5858728,7,5855272
5858709,22,5855253
5856641,1,5855138
5855636,1,5855109
5855635,3,5855108
5853564,1,5854988
5850368,1,5854787
5850320,1,5854739
5849250,1,5854688
5847063,1,5854550
5858688,24,5854265
5855529,1,5854034
5854535,7,5854015
5852448,7,5853881
5850902,1,5863050
5854583,1,5855032
5846861,1,5867916
5843734,1,5867732
5845761,1,5866832
5845747,1,5866818
5845737,1,5865839
5845733,1,5865836
5845731,1,5865834
5844526,1,5863671
5863751,1,5853469
5863750,1,5853468
5863651,1,5852388
5862674,1,5852387
5863633,1,5851390
5862610,1,5851342
5865289,7,5845211
5865283,1,5845205
5864260,1,5845158
5864259,1,5845157
5864257,1,5845155
5864250,1,5845148
5865256,1,5844198
5865238,1,5844180
5865234,1,5844176
5864217,1,5844135
5864210,1,5844128
5864192,1,5844110
5864175,1,5844093
5865201,1,5843163
5865199,1,5843161
5864144,1,5843082
5864142,1,5843080
5867263,1,5842207
5865123,1,5842103
5865122,1,5842102
5865079,1,5841074
5865017,1,5841012
5864988,1,5840002
5864974,1,5839988
5864951,1,5838982
5864941,1,5838972
5864901,1,5838932
5864873,1,5837925
5864858,1,5837910
5839681,1,5819768
5839677,1,5819764
5838569,1,5819662
5837500,1,5819599
5837485,1,5819584
5836412,1,5819517
5841746,1,5818837
5841698,1,5818789
5841697,1,5818788
5836383,1,5818504
5839546,1,5817664
5839438,1,5816572
5839427,1,5816561
5839420,1,5816554
5833035,1,5816193
5840465,1,5815607
5839351,1,5815499
5837230,1,5815393
5839298,1,5814461
5837197,1,5814375
5837158,1,5814337
5838171,1,5813356
5838170,1,5813355
5839196,1,5812393
5839094,1,5811310
5838050,1,5811272
5838021,1,5811243
5838020,1,5811242
5836976,1,5811207
5836969,1,5811200
5839069,1,5810300
5839019,1,5810250
5844188,1,5858495
5856688,1,5856157
5866664,1,5849464
5866663,1,5849463
5866662,1,5849462
5859160,1,5847946
5867117,1,5840100
5865362,1,5846263
5856638,1,5855135
5845953,1,5869927
5851297,1,5869245
5844886,1,5868874
5843803,1,5868768
5843796,1,5868761
5856330,1,5866462
5852178,1,5866223
5852135,1,5866180
5851066,1,5866116
5852029,1,5864142
5848731,1,5863957
5848730,1,5863956
5850829,1,5862011
5849477,1,5857814
5851562,1,5856906
5851559,1,5856903
5849277,1,5854715
5864773,1,5853514
5864630,1,5851411
5866660,1,5849460
5864382,1,5847240
5864344,1,5846221
5864327,1,5846204
5867498,1,5845374
5864284,1,5845182
5864222,1,5844140
5865087,1,5842067
5864908,1,5838939
5864843,1,5837895
5835267,1,5818392
5835266,1,5818391
5835247,1,5817389
5835237,1,5817379
5830730,1,5811881
5838007,1,6044942
5865439,1,5847321
5865421,1,5847303
5865414,1,5847296
5865384,1,5846285
5830874,1,5814975
5862518,1,5850271
5863512,1,5849310
5863509,1,5849307
5863508,1,5849306
5863502,1,5849300
5863501,1,5849299
5863468,1,5849266
5862381,1,5848172
5863369,1,5847203
5863298,1,5846151
5862280,1,5846109
5837951,1,5810188
5837949,1,5810186
5835833,1,5810084
5836853,1,5809114
5834677,1,5808945
5837851,1,5808122
5836786,1,5808065
5838881,1,5807162
5842003,1,5806288
5838779,1,5806077
5837736,1,5806040
5836610,1,5805922
5841901,1,5805204
5838727,1,5805044
5838726,1,5805043
5838718,1,5805035
5865888,1,5836915
5865875,1,5836902
5837536,1,5819634
5837483,1,5819582
5833259,1,5819368
5837436,1,5818552
5836273,1,5817411
5839450,1,5816584
5835148,1,5816306
5831955,1,5816106
5831944,1,5816095
5838260,1,5814429
5838230,1,5814399
5837116,1,5813310
5840262,1,5812453
5836965,1,5811196
5841158,1,5809392
5835655,1,5806956
5832459,1,5806760
5830382,1,5806617
5837543,1,5803884
5842739,1,5867712
5857430,1,5867554
5857402,1,5867526
5856410,1,5867510
5856360,1,5867460
5853266,1,5867294
5853246,1,5867274
5844730,1,5866784
5844699,1,5866753
5844698,1,5866752
5842628,1,5866634
5857385,1,5866541
5856353,1,5866485
5856347,1,5866479
5856327,1,5866459
5856325,1,5866457
5848875,1,5866032
5847776,1,5865920
5844660,1,5865746
5843594,1,5865656
5842589,1,5865627
5858362,7,5865574
5858318,1,5865530
5843578,1,5864670
5843531,1,5864623
5842488,1,5864556
5856222,1,5864416
5856207,1,5864401
5856205,1,5864399
5854086,1,5864232
5854085,7,5864231
5844501,1,5863646
5843471,1,5863592
5858192,1,5863463
5857181,1,5863428
5855082,1,5863281
5853024,1,5863175
5844482,1,5862658
5844476,1,5862652
5844471,1,5862647
5842375,1,5862503
5858149,1,5862451
5856085,1,5862339
5856044,1,5862298
5856041,1,5862295
5855000,1,5862230
5844429,1,5861637
5844370,1,5861579
5842326,1,5861487
5858102,1,5861437
5858083,1,5861418
5855980,1,5861267
5854963,1,5861226
5853894,1,5861133
5844353,1,5860595
5844349,1,5860591
5844318,1,5860560
5844312,1,5860554
5858020,1,5860388
5855945,1,5860265
5855931,1,5860251
5855930,1,5860250
5853844,1,5860116
5849616,1,5859885
5844271,1,5859546
5842215,1,5859442
5857981,1,5859380
5857962,7,5859362
5856920,1,5859296
5854831,1,5859159
5853813,1,5859117
5853774,1,5859078
5845174,1,5857536
5844169,1,5857506
5843115,1,5857429
5843071,1,5857385
5857853,1,5857313
5854699,1,5857088
5845141,1,5856532
5845118,1,5856509
5844100,1,5856467
5857732,1,5856225
5853626,1,5856022
5853591,1,5855988
5852579,1,5855952
5856630,1,5855127
5854540,7,5854989
5853515,1,5854940
5852496,1,5854897
5845017,1,5854468
5845007,1,5854459
5845005,1,5854457
5845004,1,5854456
5845002,1,5854454
5843967,1,5854395
5843947,1,5854375
5857658,1,5854210
5857618,1,5854171
5855559,1,5854064
5859941,1,6042888
5848732,1,6037581
5836133,1,6037510
5839213,1,6037006
5847237,1,6036525
5864834,1,5837886
5859553,1,5837555
5834772,1,5810024
5835678,1,5807962
5849763,1,5861958
5849710,1,5861906
5843368,1,5861553
5854970,1,5861233
5848503,1,5860829
5854866,1,5860162
5856928,1,5859304
5850587,1,5858874
5857904,1,5858336
5857887,1,5858319
5856858,1,5858266
5856857,1,5858265
5851628,1,5857941
5851619,1,5857932
5849431,1,5857768
5845167,1,5857529
5852608,1,5856949
5852600,1,5856941
5849401,1,5856770
5849375,1,5856744
5845101,1,5856492
5845098,1,5856489
5855658,1,5856103
5854641,1,5856062
5848202,1,5855684
5845030,1,5855453
5856666,1,5855163
5852504,1,5854905
5849288,1,5854725
5849226,1,5854664
5844958,1,5854410
5844957,1,5854409
5858683,1,5854260
5858669,1,5854246
5852440,1,5853873
5851325,1,5853765
5849183,1,5853655
5865855,1,5853616
5864742,1,5852502
5865732,1,5851530
5864650,1,5851431
5865665,1,5850484
5860387,1,5850135
5866659,1,5849459
5865473,1,5848335
5832448,1,5806749
5838790,1,5806088
5837732,1,5806036
5837697,1,5806001
5837680,1,5805984
5835590,1,5805907
5839818,1,5805128
5839816,1,5805126
5839800,1,5805111
5839784,1,5805095
5837633,1,5804956
5837617,1,5804940
5836583,1,5804914
5835502,1,5804838
5835475,1,5804811
5832333,1,5804666
5839743,1,5804072
5839717,1,5804046
5839707,1,5804036
5839692,1,5804021
5838635,1,5803970
5837570,1,5803911
5835438,1,5803792
5835422,1,5803776
5833323,1,5803676
5854482,1,5853963
5853485,1,5853942
5864759,1,5853500
5865771,1,5852551
5864723,1,5852483
5864598,1,5850399
5864568,1,5850369
5859295,1,5850043
5865606,1,5849446
5864556,1,5849378
5864497,1,5849319
5864490,1,5848329
5864471,1,5848310
5859126,1,5846931
5860128,1,5845961
5859079,1,5845904
5867489,1,5845365
5865338,1,5845260
5843429,1,5862581
5842328,1,5861489
5842302,1,5861463
5842301,1,5861462
5842300,1,5861461
5842299,1,5861460
5844361,1,5860603
5830875,1,5814976
5830873,1,5813990
5830872,1,5813989
5830867,1,5813985
5830864,1,5813982
5830862,1,5813980
5830858,1,5813976
5830857,1,5813975
5867478,1,5845354
5865334,1,5845256
5865307,1,5845229
5865306,1,5845228
5865303,1,5845225
5865280,1,5845202
5867413,1,5844313
5867383,1,5844283
5842653,3,5866659
5843587,1,5864678
5851940,2,5863086
5842151,1,5858411
5842150,1,5858410
5850490,1,5856842
5830165,1,5819142
5838932,1,5808197
5832451,1,5806752
5831377,1,5806673
5841495,1,5815631
5839401,1,5815549
5839400,1,5815548
5838330,1,5815484
5837225,3,5815388
5834046,1,5815216
5841486,1,5814637
5841479,1,5814630
5841461,1,5814612
5840408,1,5814565
5840407,1,5814564
5838267,1,5814436
5838261,1,5814430
5833973,1,5814158
5832893,1,5814082
5841386,1,5813553
5841381,1,5813548
5839253,7,5813432
5841348,1,5812533
5839160,1,5812357
5839159,1,5812356
5833816,3,5812032
5831713,1,5811924
5839142,1,5811358
5839083,1,5811299
5836990,1,5811221
5840088,1,5810313
5837991,1,5810228
5833685,7,5809935
5841102,1,5809337
5840038,1,5809279
5838984,1,5809231
5838976,1,5809223
5837923,1,5809176
5837889,1,5809142
5834695,7,5808963
5833653,1,5808919
5842509,1,5864577
5866846,1,5852585
5866845,1,5852584
5832749,1,5811971
5836823,1,5809084
5833354,1,5804689
5865343,1,5846244
5865118,1,5842098
5836694,1,5806990
5836554,1,5804885
5838914,1,5808179
5836768,1,5808047
5836767,5,5808046
5834601,8,5807887
5838863,1,5807145
5837788,1,5807076
5837749,1,5807037
5833490,1,5806789
5833487,1,5806786
5844933,1,5869890
5843428,1,5862580
5857841,1,5857302
5843915,1,5854343
5862231,1,5846060
5863253,1,5845127
5863237,1,5845111
5862121,1,5843991
5862103,1,5843973
5863124,1,5843038
5862079,1,5842969
5862059,1,5842949
5864084,1,5842040
5863061,1,5841993
5863054,1,5841986
5863026,1,5841958
5863004,1,5841936
5862022,1,5841930
5862012,1,5841920
5861996,1,5841904
5861971,1,5841879
5864021,1,5840993
5864020,1,5840992
5864019,1,5840991
5864018,1,5840990
5862976,1,5840923
5861878,1,5839821
5861858,1,5839801
5861843,1,5839786
5861833,1,5839776
5863907,1,5838914
5863872,1,5838879
5863855,1,5838862
5862850,1,5838833
5861813,1,5838772
5861788,1,5838747
5861767,1,5838726
5863790,1,5837819
5863785,1,5837814
5835374,1,5819484
5835373,1,5819483
5835349,1,5819459
5833249,1,5819358
5836067,1,5814251
5831619,1,5810846
5831614,1,5810841
5831612,1,5810839
5831611,1,5809853
5831610,1,5809852
5831609,1,5809851
5831604,1,5809847
5831602,1,5809845
5831595,1,5809838
5831589,1,5809832
5831571,1,5809814
5832493,1,5807780
5830303,1,5805556
5835459,1,5803812
5835458,1,5803811
5837662,1,5804985
5839703,1,5804032
5836502,1,5803851
5836492,1,5803841
5836475,1,5803824
5866438,1,5845314
5835474,1,5804810
5861626,1,6044473
5864691,1,6044457
5839615,1,6038060
5844493,1,6037560
5844038,1,6044995
5859474,1,5852182
5864132,1,5843070
5836617,1,5805929
5830669,1,6044951
5863772,1,5853490
5861861,1,5839804
5830854,1,5813972
5830391,1,5806626
5830265,1,5804535
5864263,1,5845161
5865264,1,5844206
5865230,1,5844172
5864218,1,5844136
5864212,1,5844130
5864204,1,5844122
5864194,1,5844112
5864165,1,5843103
5858890,1,5842773
5858848,1,5842731
5858836,1,5842719
5867275,1,5842219
5867266,1,5842210
5867223,1,5841185
5867187,1,5841149
5867156,1,5840139
5867130,1,5840113
5867086,1,5839090
5867014,1,5838041
5832169,1,5819274
5839600,1,5818702
5832134,1,5818254
5831072,1,5817142
5839432,1,5816566
5830992,1,5816079
5830991,1,5816078
5841527,1,5815663
5839309,1,5814472
5838216,1,5814385
5831827,1,5814007
5838181,1,5813366
5838172,1,5813357
5841318,1,5812503
5838125,1,5812328
5841229,1,5811433
5834819,1,5811056
5834804,1,5811041
5832727,1,5810965
5830621,1,5810788
5839082,1,5810312
5839059,1,5810290
5830567,1,5809749
5839000,1,5809247
5838996,1,5809243
5838980,1,5809227
5838973,1,5809220
5838966,1,5809213
5839678,1,5819765
5839638,1,5819725
5839623,1,5819710
5837539,1,5819637
5837538,1,5819636
5837537,1,5819635
5837534,1,5819633
5837533,1,5819632
5837529,1,5819628
5837527,1,5819626
5837523,1,5819622
5837522,1,5819621
5837520,1,5819619
5837517,1,5819616
5837516,1,5819615
5837514,1,5819613
5837513,1,5819612
5837512,1,5819611
5837511,1,5819610
5837510,1,5819609
5837507,1,5819606
5837506,1,5819605
5837498,1,5819597
5837497,1,5819596
5837496,1,5819595
5837495,1,5819594
5837487,1,5819586
5837486,1,5819585
5837479,1,5819578
5837478,1,5819577
5837475,1,5819574
5837473,1,5819572
5836456,1,5819561
5836411,1,5819516
5836408,1,5819513
5835344,1,5819454
5835339,1,5819449
5833225,1,5819334
5839617,1,5818718
5839604,1,5818706
5839595,1,5818697
5839590,1,5818692
5839571,1,5818673
5839560,1,5818662
5838519,1,5818627
5838509,1,5818617
5838486,1,5818594
5837465,1,5818581
5837458,1,5818574
5837457,1,5818573
5837454,1,5818570
5837453,1,5818569
5837452,1,5818568
5837451,1,5818567
5864141,1,5843079
5864122,1,5843060
5859942,1,5842844
5865116,1,5842096
5866092,1,5840060
5837528,1,5819627
5837515,1,5819614
5837509,1,5819608
5837499,7,5819598
5837480,1,5819579
5837477,1,5819576
5837466,1,5818582
5837460,1,5818576
5837459,1,5818575
5837456,1,5818572
5837448,1,5818564
5837444,1,5818560
5837432,1,5818548
5836390,1,5818511
5832126,1,5818246
5836301,1,5817439
5832092,1,5818212
5838965,1,5809212
5838938,1,5808203
5837831,1,5808102
5837814,1,5808085
5836791,1,5808070
5832500,1,5807787
5830471,1,5807689
5840960,1,5807230
5837783,1,5807071
5832428,1,5806729
5830399,1,5806634
5840914,1,5806200
5838780,1,5806078
5837731,1,5806035
5837712,1,5806016
5830328,1,5805581
5836559,1,5804890
5844861,1,5868850
5843737,1,5867735
5854273,3,5866357
5845033,1,5855456
5842926,1,5854330
5830197,1,5819174
5831767,1,5812962
5831534,1,5808796
5830517,1,5808718
5830269,1,5804538
5843874,1,5869807
5842850,1,5869759
5842847,1,5869756
5842846,1,5869755
5858609,1,5869692
5858608,1,5869691
5858572,1,5869655
5857579,7,5869638
5854474,1,5869460
5853430,1,5869392
5846942,1,5868964
5842793,1,5868734
5856445,1,5868512
5856441,1,5868508
5856425,1,5868492
5855385,1,5868428
5853305,1,5868300
5857458,1,5867582
5857419,1,5867543
5856373,1,5867473
5856366,1,5867466
5855338,1,5867414
5854340,1,5867391
5854283,1,5867335
5853264,1,5867292
5843715,1,5866744
5842624,1,5866630
5858416,1,5866596
5854268,1,5866352
5854267,1,5866351
5854230,1,5866314
5847777,1,5865921
5844649,1,5865735
5857304,1,5865492
5857249,1,5864467
5857224,1,5864442
5855161,1,5864331
5837440,1,5818556
5837439,1,5818555
5837438,1,5818554
5837437,1,5818553
5837429,1,5818545
5836345,1,5818466
5841652,1,5817758
5840589,1,5817701
5840560,1,5817672
5839519,1,5817637
5838445,1,5817569
5840534,1,5816662
5840533,1,5816661
5835144,1,5816302
5836157,1,5815325
5835979,1,5812196
5834885,1,5812103
5835893,1,5811129
5834792,7,5810044
5833723,1,5809973
5830558,1,5809740
5861182,1,5846008
5833234,1,5819343
5834717,1,5808985
5853086,1,5864208
5858202,1,5863473
5857184,1,5863431
5854074,1,5863249
5848642,1,5862901
5845486,1,5862682
5843396,1,5862548
5858153,1,5862455
5858120,1,5862422
5852939,1,5862121
5847543,1,5861812
5847542,1,5861811
5847541,1,5861810
5856010,1,5861297
5853928,7,5861167
5852905,1,5861120
5852885,1,5861100
5847498,1,5860799
5850900,1,5863048
5864292,1,5845190
5862609,1,6044454
5862285,1,6043416
5854925,1,6037051
5844770,1,5867792
5843775,1,5867773
5848927,1,5867049
5844756,1,5866809
5844729,1,5866783
5844724,1,5866778
5848868,1,5866026
5848798,1,5864991
5848797,1,5864990
5846720,1,5864869
5854142,1,5864288
5848713,1,5863939
5844534,1,5863679
5849585,1,5859854
5849448,1,5857785
5844136,1,5857474
5849366,1,5856735
5852471,1,5854872
5849158,1,5853630
5864816,1,5853557
5864797,1,5853538
5864768,1,5853509
5864739,1,5852499
5864719,1,5852479
5864717,1,5852477
5864695,1,5852455
5864686,1,5851466
5864676,1,5851457
5864661,1,5851442
5866723,1,5850501
5864586,1,5850387
5864564,1,5850365
5844777,1,5867799
5843304,1,5860522
5844189,1,5858496
5844187,1,5858494
5844186,1,5858493
5847235,1,5856661
5847234,1,5856660
5844527,1,5863672
5862724,1,5853418
5862507,1,5850260
5860969,1,5842862
5863846,1,5838853
5830543,1,5809725
5830871,1,6037503
5830876,1,5814977
5830870,1,5813988
5830869,1,5813987
5831171,1,5819209
5830804,1,5812937
5830757,1,5812891
5830612,1,5810779
5830611,1,5810778
5830609,1,5810776
5830603,1,5809784
5831512,1,5808774
5835647,1,5806948
5831408,1,5806703
5831356,1,5806652
5831322,1,5805636
5835495,1,5804831
5831249,1,5804580
5845806,1,5867845
5836297,1,5817435
5836874,1,5810119
5862492,1,5850245
5863519,1,5849317
5862445,1,5849219
5861899,1,5840822
5851450,1,6044986
5833594,1,6044428
5830468,1,6044425
5858895,1,6042887
5851249,1,6038657
5849971,1,6038069
5850780,1,6037063
5840352,1,6037026
5853689,1,6036531
5863520,1,6043945
5867493,1,5845369
5865316,1,5845238
5865302,1,5845224
5865285,1,5845207
5866339,1,5844236
5865263,1,5844205
5865220,1,5844162
5865200,1,5843162
5865192,1,5843154
5865190,1,5843152
5865149,1,5843111
5865148,1,5843110
5865147,1,5843109
5864146,1,5843084
5864143,1,5843081
5866252,1,5842186
5866224,1,5842159
5866201,1,5842136
5865146,1,5842126
5865106,1,5842086
5865105,1,5842085
5865100,1,5842080
5864059,1,5842015
5842071,1,5841717
5842054,1,5841700
5842053,1,5841699
5866160,1,5841110
5866149,1,5841099
5866144,1,5841094
5865065,1,5841060
5865061,1,5841056
5865045,1,5841040
5865044,1,5841039
5865042,1,5841037
5865037,1,5841032
5865028,1,5841023
5865027,1,5841022
5864964,1,5839978
5864961,1,5839975
5863947,1,5839938
5859671,1,5838652
5864880,1,5837932
5864877,1,5837929
5864825,1,5837877
5864822,1,5837874
5866935,1,5836986
5834777,1,5810029
5848064,1,5870079
5847030,1,5870020
5847029,1,5870019
5847003,1,5869993
5846990,1,5869980
5846984,1,5869974
5845967,1,5869941
5845966,1,5869940
5857564,1,5869623
5857563,1,5869622
5854439,1,5869426
5851305,1,5869253
5851304,1,5869252
5851303,1,5869251
5851295,1,5869243
5851294,1,5869242
5851291,1,5869239
5851287,1,5869235
5851278,1,5869226
5851254,1,5869202
5850227,1,5869188
5848008,1,5869055
5847963,1,5869010
5846943,1,5868965
5845934,1,5868939
5858557,1,5868672
5855435,1,5868478
5854398,1,5868417
5851246,7,5868228
5851245,1,5868227
5851231,1,5868213
5851226,1,5868208
5851225,1,5868207
5851194,1,5868176
5851190,1,5868172
5846915,1,5867969
5841812,1,5819889
5839643,1,5819730
5836447,1,5819552
5836402,1,5819507
5835345,1,5819455
5841760,1,5818850
5841759,1,5818849
5841726,1,5818817
5841720,1,5818811
5838526,1,5818634
5838525,1,5818633
5838483,1,5818591
5836377,1,5818498
5836350,1,5818471
5841686,1,5817792
5841666,1,5817772
5840562,1,5817674
5836317,1,5817455
5835229,1,5817371
5840526,1,5816654
5846890,1,5867945
5857405,1,5867529
5851161,1,5867177
5851156,1,5867172
5851145,1,5867161
5851138,1,5867154
5851128,1,5867144
5851127,1,5867143
5851121,1,5867137
5846808,1,5866895
5846806,1,5866893
5846800,1,5866887
5843675,1,5866705
5857340,1,5866496
5857339,1,5866495
5856346,1,5866478
5855290,1,5866398
5855262,1,5866370
5853225,1,5866285
5851114,1,5866164
5851111,1,5866161
5851105,1,5866155
5851104,1,5866154
5851103,1,5866153
5851093,1,5866143
5851089,1,5866139
5851088,1,5866138
5851087,1,5866137
5851086,1,5866136
5851084,1,5866134
5851083,1,5866133
5851639,1,5857952
5866138,1,5841088
5832768,1,5811990
5833274,1,5803627
5861829,1,5838788
5865666,1,6044438
5837606,1,6043885
5858175,1,6037557
5856095,1,6037555
5851068,1,5866118
5851062,1,5866112
5847780,1,5865924
5847764,1,5865908
5846745,1,5865864
5846743,1,5865862
5854175,1,5865291
5854158,1,5865274
5853166,1,5865258
5853165,1,5865257
5850997,1,5865081
5850996,1,5865080
5850995,1,5865079
5849974,1,5865068
5847735,1,5864910
5846692,1,5864842
5846691,1,5864841
5846690,1,5864840
5846676,1,5864826
5843571,1,5864663
5843570,1,5864662
5858269,1,5864511
5857208,1,5864426
5856216,1,5864410
5855163,1,5864333
5853083,1,5864205
5850977,1,5864093
5850972,1,5864088
5850964,1,5864080
5850943,1,5864059
5850939,1,5864055
5850923,1,5864039
5850922,1,5864038
5850921,1,5864037
5849893,1,5864020
5846620,1,5863799
5858193,1,5863464
5856153,1,5863376
5850917,1,5863064
5850913,1,5863061
5850905,1,5863053
5850904,1,5863052
5850903,1,5863051
5850895,1,5863043
5850886,1,5863034
5847602,1,5862837
5847601,1,5862836
5846536,1,5862746
5850845,1,5862027
5850844,1,5862026
5850833,1,5862015
5850820,1,5862002
5850808,1,5861990
5850793,1,5861975
5847553,1,5861822
5858112,1,5861446
5858079,1,5861414
5854988,1,5861251
5850774,1,5860991
5850763,1,5860980
5850761,1,5860978
5850754,1,5860971
5850753,1,5860970
5850727,1,5860944
5850723,1,5860940
5850717,1,5860934
5848529,1,5860855
5847490,1,5860792
5854887,1,5860183
5850716,1,5859967
5850711,1,5859963
5850705,1,5859957
5850692,1,5859944
5850691,1,5859943
5850686,1,5859938
5850685,1,5859937
5850678,1,5859930
5850673,1,5859925
5850671,1,5859923
5850670,1,5859922
5850669,1,5859921
5850668,1,5859920
5850665,1,5859917
5850657,1,5859909
5850656,1,5859908
5836247,1,5816401
5835185,1,5816343
5835184,1,5816342
5835181,1,5816339
5835141,1,5816299
5840489,1,5815630
5840484,1,5815626
5840427,1,5815569
5837218,1,5815381
5836134,1,5815302
5840405,1,5814562
5836102,1,5814286
5836075,1,5814259
5839275,1,5813454
5836041,1,5813241
5841321,1,5812506
5841311,1,5812496
5840251,1,5812442
5838134,1,5812337
5835980,1,5812197
5835960,1,5812177
5834893,1,5812111
5834882,1,5812100
5841286,1,5811490
5841247,1,5811451
5836954,1,5811185
5835907,1,5811143
5834866,1,5811102
5834847,1,5811084
5834820,1,5811057
5835855,1,5810106
5832609,1,5809864
5832608,1,5809863
5841095,1,5809330
5840077,1,5809318
5836866,1,5809126
5836865,1,5809125
5832591,1,5808862
5841063,1,5808316
5840016,1,5808275
5838903,1,5808168
5837864,1,5808135
5837839,1,5808110
5837812,1,5808083
5835715,1,5807999
5830419,1,5807638
5841020,1,5807290
5836689,1,5806985
5835632,1,5806933
5835616,1,5806917
5835615,1,5806916
5834570,1,5806873
5834568,1,5806871
5832462,1,5806763
5832447,1,5806748
5832446,1,5806747
5841962,1,5806247
5841960,1,5806245
5836656,1,5805968
5835597,1,5805913
5835565,1,5805882
5832403,1,5805719
5832343,1,5805660
5832340,1,5805657
5841955,1,5805257
5841950,1,5805253
5841943,1,5805246
5841927,1,5805230
5841920,1,5805223
5841919,1,5805222
5839813,1,5805124
5837620,1,5804943
5841866,1,5804186
5839731,1,5804060
5839728,1,5804057
5839708,1,5804037
5836519,1,5803868
5836496,1,5803845
5836495,1,5803844
5836485,1,5803834
5835403,1,5803757
5832248,1,5803598
5832247,1,5803597
5848445,1,5859804
5848435,1,5859794
5848423,1,5859782
5848422,1,5859781
5848421,1,5859780
5847385,1,5859720
5844254,1,5859529
5857984,1,5859383
5857972,1,5859372
5857953,1,5859353
5856941,1,5859316
5852770,1,5859050
5852741,1,5859021
5850648,1,5858934
5850636,1,5858923
5844190,1,5858497
5856821,1,5858229
5851627,1,5857940
5851620,1,5857933
5851610,1,5857923
5851598,1,5857911
5851597,1,5857910
5851596,1,5857909
5851594,1,5857907
5847248,1,5857645
5845170,1,5857532
5854695,1,5857084
5853669,1,5857034
5853663,1,5857028
5857938,1,5859338
5834858,1,5811095
5840840,1,5805145
5858380,1,5866560
5852602,1,5856943
5851587,1,5856930
5851566,1,5856910
5851565,1,5856909
5851554,1,5856898
5851552,1,5856896
5851543,1,5856887
5851532,1,5856876
5848220,1,5856670
5844097,1,5856464
5844096,1,5856463
5844095,1,5856462
5858828,1,5856340
5855702,1,5856147
5855701,1,5856146
5851510,1,5855888
5851509,1,5855887
5851507,1,5855885
5851506,1,5855884
5851498,1,5855876
5851493,1,5855871
5851490,1,5855868
5851478,1,5855856
5851477,1,5855855
5851471,1,5855849
5851467,1,5855845
5851457,1,5855835
5851456,1,5855834
5851455,1,5855833
5857696,1,5855217
5857691,1,5855212
5857672,1,5855193
5851414,1,5854822
5851409,1,5854817
5851408,1,5854816
5851407,1,5854815
5851397,1,5854805
5851395,1,5854803
5848136,1,5854647
5848135,1,5854646
5847108,1,5854594
5847107,1,5854593
5847062,1,5854549
5847061,1,5854548
5853438,1,5853895
5851383,1,5853823
5851366,1,5853806
5851365,1,5853805
5851364,1,5853804
5851358,1,5853798
5851339,1,5853779
5860563,1,5853247
5861542,1,5851257
5860462,1,5851188
5860406,1,5850154
5860393,1,5850141
5845938,1,5869912
5844922,1,5869879
5844921,1,5869878
5860318,1,5849089
5860317,1,5849088
5860316,1,5849087
5860293,1,5849064
5865526,1,5848388
5860284,1,5848073
5860280,1,5848069
5860270,1,5848060
5860213,1,5847023
5860200,1,5847011
5840086,1,5809326
5863018,1,5841950
5862350,1,6043435
5837428,1,5818544
5865600,1,5849441
5865559,1,5849400
5865545,1,5849386
5859269,1,5849038
5866595,1,5848415
5860263,1,5848053
5860240,1,5848030
5859191,1,5847977
5860204,1,5847015
5859143,1,5846948
5866488,1,5846344
5866474,1,5846330
5859039,1,5845864
5859027,1,5844870
5859016,1,5844860
5858991,1,5844835
5858990,1,5844834
5858988,1,5844832
5866326,1,5844223
5858956,1,5843819
5858955,1,5843818
5858954,1,5843817
5858953,1,5843816
5858952,1,5843815
5858951,1,5843814
5866309,1,5843226
5858872,1,5842755
5866169,1,5841119
5867142,1,5840125
5866999,1,5838026
5865985,1,5837991
5859567,1,5837569
5839636,1,5819723
5835348,1,5819458
5838256,1,5814425
5841319,1,5812504
5840225,1,5812416
5841254,1,5811458
5841193,1,5810412
5841189,1,5810408
5839026,1,5810257
5839025,1,5810256
5839023,1,5810254
5834793,7,5810045
5834731,1,5808998
5834713,1,5808981
5841072,1,5808325
5838915,1,5808180
5837842,1,5808113
5837841,1,5808112
5834649,1,5807935
5834602,1,5807888
5841017,1,5807287
5834590,1,5806893
5838663,1,5803998
5849039,1,5869088
5843833,1,5868798
5840653,1,5818749
5837434,1,5818550
5836346,1,5818467
5836308,1,5817446
5840525,1,5816653
5835166,1,5816324
5840479,1,5815621
5840477,1,5815619
5840464,1,5815606
5839404,1,5815552
5838333,1,5815487
5838332,1,5815486
5841468,1,5814619
5862740,1,6044961
5862675,1,6044474
5845882,1,5868888
5845880,1,5868886
5863618,1,5851375
5863590,1,5851347
5862591,1,5851324
5863526,1,5850303
5862522,1,5850275
5862521,1,5850274
5863505,1,5849303
5863492,1,5849290
5862466,1,5849240
5862455,1,5849229
5862437,1,5849211
5862409,1,5848200
5862370,1,5848161
5862358,1,5848149
5863351,1,5847185
5863328,1,5847162
5863324,1,5846177
5863316,1,5846169
5863315,1,5846168
5863314,1,5846167
5863290,1,5846143
5863285,1,5846138
5863284,1,5846137
5862248,1,5846077
5863219,1,5845093
5863218,1,5845092
5862198,1,5845048
5862187,1,5845037
5863176,1,5844070
5862138,1,5844008
5862124,1,5843994
5862120,1,5843990
5862116,1,5843986
5862115,1,5843985
5862114,1,5843984
5862076,1,5842966
5862050,1,5842940
5863037,1,5841969
5863023,1,5841955
5863022,1,5841954
5862999,1,5840946
5862934,1,5839901
5862886,1,5839853
5861849,1,5839792
5863896,1,5838903
5863876,1,5838883
5863875,1,5838882
5863854,1,5838861
5863808,1,5837837
5862793,1,5837798
5862751,1,5837756
5862745,1,5837750
5862741,1,5837746
5836381,1,5818502
5835226,1,5817368
5835553,1,5805870
5836290,1,5817428
5840131,1,5810356
5835501,1,5804837
5836066,1,6037022
5850575,8,6036544
5854191,1,5865307
5848284,1,5857705
5835235,1,5817377
5837098,1,5813292
5837095,1,5813289
5836943,1,5811174
5836614,1,5805926
5835508,1,5804844
5844615,1,5864731
5855039,1,5862269
5852884,1,5861099
5844343,1,5860585
5842281,1,5860475
5854771,1,5858131
5845152,1,5857514
5845146,1,5856536
5858989,1,5844833
5858885,1,5842768
5860837,1,5840768
5846669,1,5864819
5846668,1,5864818
5843564,1,5864656
5843528,1,5864620
5855167,1,5864337
5850965,1,5864081
5850933,1,5864049
5846609,1,5863788
5850881,1,5863029
5850857,1,5863005
5847603,1,5862838
5846563,1,5862773
5846561,1,5862771
5846559,1,5862769
5846532,1,5862742
5850812,1,5861994
5850811,1,5861993
5848564,1,5861857
5848563,1,5861856
5855997,1,5861284
5855996,1,5861283
5855995,1,5861282
5850778,1,5860995
5850749,1,5860966
5850747,1,5860964
5850721,1,5860938
5847492,7,5860794
5856987,1,5860331
5855907,1,5860227
5850664,1,5859916
5852766,1,5859046
5852765,1,5859045
5852715,1,5858026
5851592,1,5857905
5851583,1,5856927
5851569,1,5856913
5851560,1,5856904
5851530,1,5856874
5851526,1,5856870
5857774,1,5856267
5857727,1,5856220
5856732,1,5856201
5854635,1,5856056
5851464,1,5855842
5851436,1,5854844
5851413,1,5854821
5851412,1,5854820
5851411,1,5854819
5851410,1,5854818
5847054,1,5854541
5843949,1,5854377
5856558,1,5854087
5851332,1,5853772
5866882,1,5852621
5861561,1,5851275
5861560,1,5851274
5862709,1,5853403
5863632,1,5851389
5860262,1,5848052
5863102,1,5843016
5863819,1,5837848
5831206,1,5819243
5830181,1,5819158
5831023,1,5817094
5831022,1,5817093
5830975,1,5816062
5830735,1,5811886
5863650,1,6044455
5850474,1,5856826
5862685,1,5853379
5862681,1,5853375
5859518,1,5853208
5863626,1,5851383
5863612,1,5851369
5862593,1,5851326
5862496,1,5850249
5863447,1,5848262
5863446,1,5848261
5863445,1,5848260
5863444,1,5848259
5863416,1,5848231
5863345,1,5847179
5862268,1,5846097
5862267,1,5846096
5867506,1,5845382
5862183,1,5845033
5862182,1,5845032
5862181,1,5845031
5863138,1,5844032
5863137,1,5844031
5864108,1,5843046
5864106,1,5843044
5863077,1,5842991
5864105,1,5842061
5864093,1,5842049
5864092,1,5842048
5843739,1,5867737
5857398,1,5866553
5855293,1,5866401
5853181,1,5866241
5849993,1,5866055
5855246,1,5865386
5843559,1,5864651
5843558,1,5864650
5843557,1,5864649
5842545,1,5864612
5858300,1,5864542
5842449,1,5863546
5858230,1,5863501
5847585,1,5862820
5845536,1,5862732
5845528,1,5862724
5857091,7,5862369
5855030,1,5862260
5855008,1,5862238
5851862,1,5862041
5857044,1,5861355
5856011,1,5861298
5851789,1,5861002
5858009,1,5860377
5855927,1,5860247
5854870,1,5860166
5852794,1,5860042
5851743,1,5859990
5846360,1,5859672
5845284,1,5859582
5857955,1,5859355
5854817,1,5859145
5853812,1,5859116
5852761,1,5859041
5852685,1,5857997
5854608,1,5856029
5852505,1,5854906
5852493,1,5854894
5852487,1,5854888
5852485,1,5854886
5842893,1,5854297
5858677,1,5854254
5865727,1,5851526
5865693,1,5851492
5864640,1,5851421
5860425,1,5851151
5860315,1,5849086
5860314,1,5849085
5866646,1,5848465
5866594,1,5848414
5865418,1,5847300
5860176,1,5846987
5866499,1,5846355
5865400,1,5846301
5866006,1,5838992
5864866,1,5837918
5832802,1,5813007
5837010,1,5812222
5831709,1,5811920
5840202,1,5811412
5836977,1,5811208
5836948,1,5811179
5833741,1,5810975
5832604,1,5809859
5840045,1,5809286
5832521,1,5807808
5832520,1,5807807
5838832,1,5807114
5834551,1,5806854
5840933,1,5806219
5837609,1,5804932
5831537,1,5808799
5830502,1,5808703
5831327,1,5805641
5831293,1,5805607
5830309,1,5805562
5864076,1,5842032
5863060,1,5841992
5863039,1,5841971
5863025,1,5841957
5863024,1,5841956
5860898,1,5841811
5861948,1,5840871
5861921,1,5840844
5861916,1,5840839
5862927,1,5839894
5862856,1,5838839
5862855,1,5838838
5863829,1,5837858
5863817,1,5837846
5830904,1,5815005
5836577,1,5804908
5858606,1,5869689
5858605,1,5869688
5846961,1,5868983
5846940,1,5868962
5858523,1,5868638
5854345,1,5868364
5851236,1,5868218
5851235,1,5868217
5856395,1,5867495
5851146,1,5867162
5851124,1,5867140
5846821,1,5866908
5846811,1,5866898
5846803,1,5866890
5843668,1,5866698
5843667,1,5866697
5843666,1,5866696
5857360,1,5866516
5854247,1,5866331
5851115,1,5866165
5851113,1,5866163
5851101,1,5866151
5851053,1,5866103
5846752,1,5865871
5853163,1,5865255
5853120,1,5865212
5851039,1,5865123
5851038,1,5865122
5847719,1,5864894
5846670,1,5864820
5844421,1,5861630
5844420,1,5861629
5844176,1,5858483
5841730,1,5818821
5832885,1,5814074
5858600,1,5869683
5857403,1,5867527
5856406,1,5867506
5857391,1,5866547
5854174,1,5865290
5854173,1,5865289
5853159,1,5865251
5856193,1,5864387
5856192,1,5864386
5849766,1,5861961
5865430,1,5847312
5861012,1,5842905
5850998,1,5865082
5844435,1,5862611
5863733,1,5853451
5863644,1,5851401
5836058,1,6037021
5851585,1,6036529
5844720,1,5866774
5853160,1,5865252
5848758,1,5864951
5854083,1,5863257
5847409,1,5859744
5850545,1,5857865
5850409,1,5855796
5865434,1,5847316
5865431,1,5847313
5867565,1,5846417
5867564,1,5846416
5867563,1,5846415
5867562,1,5846414
5867561,1,5846413
5841480,1,5814631
5833962,1,5814147
5833951,1,5814136
5840272,1,5812463
5840271,1,5812462
5840263,1,5812454
5851309,1,5869257
5851137,1,5867153
5843340,1,5861525
5850730,1,5860947
5850697,1,5859949
5853670,1,5857035
5851578,1,5856922
5854478,1,5853959
5864055,1,5842011
5840443,1,5815585
5836056,1,5813256
5836055,1,5813255
5836054,1,5813254
5836856,1,5809117
5836854,1,5809115
5835740,1,5809006
5835551,1,5805868
5835489,1,5804825
5853278,1,5867306
5857274,1,5865462
5831993,1,5816144
5832275,1,5804608
5832274,1,5804607
5830264,1,5804534
5866961,1,5837012
5830334,1,6043914
5833215,1,5819324
5833013,1,5816171
5860380,1,5850128
5860287,1,5849058
5860062,1,5844918
5860863,1,5840794
5860741,1,5838712
5860712,1,5838683
5866985,1,5838012
5866984,1,5838011
5841810,1,5819887
5841809,1,5819886
5836443,1,5819548
5836434,1,5819539
5836425,1,5819530
5835379,1,5819489
5835365,1,5819475
5831161,1,5819199
5831151,1,5819189
5853395,1,5869358
5850222,1,5869183
5844825,1,5868814
5843816,1,5868781
5851220,1,5868202
5844781,1,5867803
5852217,1,5867227
5848949,1,5867069
5847835,1,5866947
5858410,1,5866590
5857352,1,5866508
5852189,1,5866233
5855247,1,5865387
5848804,1,5864996
5848803,1,5864995
5853053,1,5864175
5849846,1,5863973
5855117,1,5863316
5855085,1,5863284
5851969,1,5863115
5849722,1,5861918
5855922,1,5860242
5849632,1,5859899
5848440,1,5859799
5856933,1,5859309
5856932,1,5859308
5843138,1,5858421
5857901,1,5858333
5850555,1,5857875
5850554,1,5857874
5850539,1,5857859
5850536,1,5857856
5850535,1,5857855
5850521,1,5857841
5850520,1,5857840
5850519,1,5857839
5850518,1,5857838
5845153,1,5857515
5855764,1,5857177
5850507,1,5856858
5850475,1,5856827
5849422,1,5856791
5849394,1,5856763
5848247,1,5856697
5857742,1,5856235
5850406,1,5855793
5850392,1,5855779
5857667,1,5855188
5856665,1,5855162
5850374,1,5854792
5850373,1,5854791
5850324,1,5854743
5855572,1,5854077
5841662,1,5817768
5832030,1,5817166
5838401,1,5816541
5832928,1,5814116
5831875,1,5814054
5833881,1,5813081
5833880,1,5813080
5840261,1,5812452
5832761,1,5811983
5841261,1,5811465
5840199,1,5811409
5841085,1,5808338
5832470,1,5807757
5840855,1,5805160
5840805,1,5804128
5840804,1,5804127
5840783,1,5804106
5855535,1,5854040
5850284,1,5853736
5850260,1,5853712
5850255,1,5853707
5850252,1,5853704
5866778,1,5851536
5861329,1,5848111
5861325,1,5848107
5861324,1,5848106
5861323,1,5848105
5859176,1,5847962
5861239,1,5847043
5867567,1,5846419
5867536,1,5846388
5867535,1,5846387
5867534,1,5846386
5867533,1,5846385
5867532,1,5846384
5867505,1,5845381
5867504,1,5845380
5859988,1,5843867
5858958,1,5843821
5858957,1,5843820
5858943,1,5843806
5859910,1,5842813
5867248,1,5842192
5867181,1,5841143
5860821,1,5839773
5867026,1,5838053
5866940,1,5836991
5861730,1,5837711
5832113,1,5818233
5837300,1,5816449
5833632,1,5808898
5833631,1,5808897
5832261,1,5803611
5842828,1,5869737
5842827,1,5869736
5857577,1,5869636
5855491,1,5869502
5848020,1,5869066
5845920,1,5868926
5844879,1,5868868
5842786,1,5868727
5858539,1,5868654
5857514,1,5868605
5857501,1,5868592
5857489,1,5868580
5856471,1,5868538
5856470,1,5868537
5856469,1,5868536
5855431,1,5868474
5855407,1,5868450
5854390,1,5868409
5853350,1,5868345
5853349,1,5868344
5853334,1,5868329
5847954,1,5868033
5858468,1,5867616
5857423,1,5867547
5854312,1,5867364
5846823,1,5866910
5845772,1,5866843
5855255,1,5866363
5854241,1,5866325
5847814,1,5865958
5847801,1,5865945
5845715,1,5865818
5858363,1,5865575
5854195,1,5865311
5854184,1,5865300
5854183,1,5865299
5854179,1,5865295
5854178,1,5865294
5853153,1,5865245
5846680,1,5864830
5844601,1,5864717
5857257,1,5864475
5855153,1,5864323
5853050,1,5864172
5847651,1,5863855
5842469,1,5863566
5857179,1,5863426
5856126,1,5863349
5856120,1,5863343
5855063,1,5863262
5847568,1,5862803
5844497,1,5862672
5858128,1,5862430
5856064,1,5862318
5855029,1,5862259
5855015,1,5862245
5844392,1,5861601
5858065,1,5861400
5857066,1,5861377
5856022,1,5861309
5854956,1,5861219
5852906,1,5861121
5842280,1,5860474
5858000,1,5860368
5854903,1,5860199
5854902,7,5860198
5852817,7,5860065
5857963,1,5859363
5857928,1,5859328
5855867,1,5859219
5853776,1,5859080
5848411,1,5858801
5847343,1,5858710
5857905,1,5858337
5854750,1,5858110
5852705,1,5858017
5848295,1,5857716
5847259,1,5857656
5855755,1,5857168
5855753,1,5857166
5845123,1,5856514
5845117,1,5856508
5844048,1,5856415
5858823,1,5856335
5856723,1,5856192
5856710,1,5856179
5856709,1,5856178
5855692,1,5856137
5853605,1,5856002
5852525,1,5855898
5847130,1,5855588
5845073,1,5855496
5845055,1,5855478
5845018,1,5855441
5857714,1,5855235
5856682,1,5855178
5855620,1,5855093
5852520,1,5854921
5844990,1,5854442
5843964,1,5854392
5855532,1,5854037
5853493,1,5853950
5859516,1,5853206
5859515,1,5853205
5865772,7,5852552
5865743,1,5852523
5860547,1,5852250
5859454,1,5852162
5865694,1,5851493
5865691,1,5851490
5859402,1,5851130
5866768,1,5850546
5865661,1,5850480
5866698,1,5849498
5866648,1,5849448
5857395,1,5866550
5863741,1,5853459
5864074,1,5842030
5861851,1,5839794
5830947,1,5816034
5831909,1,5815073
5841233,1,5811437
5845626,1,5864760
5866227,1,5842162
5833256,1,5819365
5833231,1,5819340
5833273,1,5803626
5844937,1,5869894
5851212,1,5868194
5851188,1,5868170
5853226,1,5866286
5851110,1,5866160
5851044,1,5865128
5851009,1,5865093
5850987,1,5865071
5846707,1,5864857
5844556,1,5863701
5850907,1,5863055
5843273,1,5860491
5843271,1,5860489
5856913,1,5859289
5848406,1,5858797
5851524,1,5856868
5851368,1,5853808
5851363,1,5853803
5860123,1,5845956
5860816,1,5839768
5835228,1,5817370
5835866,1,5810115
5836744,1,5808023
5835646,1,5806947
5843455,1,5862606
5863484,1,5849282
5863459,1,5849257
5864089,1,5842045
5863028,1,5841960
5862989,1,5840936
5862988,1,5840935
5830148,1,5819125
5831030,1,5817101
5830842,1,5813960
5830762,1,5812896
5831721,1,5811932
5831449,1,5807729
5850307,1,6044967
5859545,1,6044957
5836803,1,6044434
5867579,1,6043419
5849768,1,6037549
5849624,1,6037045
5851558,1,5856902
5851557,1,5856901
5851556,1,5856900
5851555,1,5856899
5850461,1,5856813
5850460,1,5856812
5850447,1,5856799
5850446,1,5856798
5844080,1,5856447
5843033,1,5856376
5850410,1,5855797
5850400,1,5855787
5849295,1,5855700
5848176,1,5855658
5858711,1,5855255
5856681,1,5855177
5850332,1,5854751
5850327,1,5854746
5857621,1,5854174
5854498,1,5853979
5851355,1,5853795
5850305,1,5853756
5850281,1,5853733
5850280,1,5853732
5850278,1,5853730
5850254,1,5853706
5861671,1,5853342
5860488,1,5852192
5866788,1,5851546
5860435,1,5851161
5866762,1,5850540
5861454,1,5850192
5867583,1,5846434
5867582,1,5846433
5867580,1,5846431
5867578,1,5846430
5867577,1,5846429
5867576,1,5846428
5867575,1,5846427
5867574,1,5846426
5867573,1,5846425
5867572,1,5846424
5867571,1,5846423
5867570,1,5846422
5867569,1,5846421
5867541,1,5846393
5867540,1,5846392
5867530,1,5846382
5867529,1,5846381
5867528,1,5846380
5860136,1,5845969
5867507,1,5845383
5867479,1,5845355
5867474,1,5845350
5867457,1,5845333
5861124,1,5844973
5860042,1,5844898
5860041,1,5844897
5867446,1,5844346
5867445,1,5844345
5867443,1,5844343
5867442,1,5844342
5867441,1,5844341
5867440,1,5844340
5867437,1,5844337
5867436,1,5844336
5867435,1,5844335
5867352,1,5843275
5867351,1,5843274
5858590,1,5869673
5854413,1,5869400
5865764,1,5852544
5866716,1,5850494
5834643,1,5807929
5834642,1,5807928
5847540,1,5861809
5852914,1,5861128
5858796,1,5856308
5857700,1,5855221
5858863,1,5842746
5867199,1,5841161
5867198,1,5841160
5839244,1,5813423
5853162,1,5865254
5853161,1,5865253
5848327,1,5857748
5853603,1,5856000
5866131,1,5841081
5830969,1,5816056
5840695,1,5819776
5833002,1,5816160
5838925,1,5808190
5834408,1,5804747
5838636,1,5803971
5833302,1,5803655
5863693,1,5852430
5863389,1,5847223
5862226,1,5846055
5861836,1,5839779
5859574,1,5837576
5830570,1,5809752
5843911,1,5869843
5858504,1,5867651
5857450,1,5867574
5856380,1,5867480
5844740,1,5866794
5853069,1,5864191
5852982,1,5863133
5844387,1,5861596
5843341,1,5861526
5856014,1,5861301
5858010,1,5860378
5856983,1,5860327
5856980,1,5860324
5854906,1,5860202
5854905,1,5860201
5852846,1,5860093
5844167,1,5857505
5855774,1,5857186
5844091,1,5856458
5853628,1,5856024
5857695,1,5855216
5856647,1,5855144
5855621,1,5855094
5857632,1,5854185
5857631,1,5854184
5854496,1,5853977
5865650,1,5850469
5864624,1,5850425
5866658,1,5849458
5859167,1,5847953
5866506,1,5846362
5858930,1,5843793
5866206,1,5842141
5859814,1,5841740
5859813,1,5841739
5859812,1,5841738
5859811,1,5841737
5859810,1,5841736
5859809,1,5840753
5848983,1,5868069
5855374,1,5867450
5851041,1,5865125
5849911,1,5865006
5857254,1,5864472
5849797,1,5862957
5850807,1,5861989
5857042,1,5861353
5850687,1,5859939
5845067,1,5855490
5857709,1,5855230
5857688,1,5855209
5856659,1,5855156
5864718,1,5852478
5866738,1,5850516
5865601,1,5849442
5865599,1,5849440
5864484,1,5848323
5866553,1,5847390
5864367,1,5847225
5867584,1,5846435
5865357,1,5846258
5865331,1,5845253
5864276,1,5845174
5837192,1,5814371
5836097,1,5814281
5836003,1,5813203
5837009,1,5812221
5834712,1,5808980
5834596,1,5806898
5834595,1,5806897
5836654,1,5805966
5835424,1,5803778
5866209,1,5842144
5865089,1,5842069
5837493,1,5819592
5837024,1,5812236
5831641,1,5810868
5832657,1,5809912
5836855,1,5809116
5836774,1,5808053
5832472,1,5807759
5836633,1,5805945
5855478,1,5869489
5855475,1,5869486
5855470,1,5869481
5855469,1,5869480
5855468,1,5869479
5855467,1,5869478
5854421,1,5869408
5857433,1,5867557
5844588,1,5864704
5844586,1,5864702
5844585,1,5864701
5844584,1,5864700
5843432,1,5862584
5843430,1,5862582
5843285,1,5860503
5860363,1,5850111
5860232,1,5848022
5838403,1,5816543
5837652,1,5804975
5831040,1,5817111
5853121,1,5865213
5857211,1,5864429
5847664,1,5863868
5859084,1,5845909
5861040,1,5843911
5838924,1,5808189
5840946,1,5806232
5836321,1,5817459
5835227,1,5817369
5837077,1,5813271
5837023,1,5812235
5834922,1,5812140
5838892,1,5808157
5835548,1,5805865
5835520,1,5804856
5859543,1,5853233
5846786,1,5865904
5843613,1,5865675
5843561,7,5864653
5858263,1,5864505
5843386,1,5861571
5843240,1,5859491
5844084,1,5856451
5866879,1,5852618
5867167,1,5840150
5860718,1,5838689
5860717,1,5838688
5835940,1,5812157
5839097,1,5811313
5836878,1,5810123
5841099,1,5809334
5859808,1,5840752
5859807,1,5840751
5859786,1,5840731
5859681,1,5839646
5839650,1,5819737
5838770,1,5806068
5844505,3,5863650
5865461,1,5847343
5830865,1,5813983
5830863,1,5813981
5830859,1,5813977
5843280,1,5860498
5843143,1,5858426
5865429,1,5847311
5834181,1,5817323
5837994,1,5810231
5849146,1,5870160
5849095,1,5870109
5846986,1,5869976
5842836,1,5869745
5857584,1,5869643
5857565,1,5869624
5853423,1,5869386
5853392,1,5869355
5848000,1,5869047
5847973,1,5869020
5846958,1,5868980
5845078,1,6044996
5838138,1,5812341
5838923,1,5808188
5841988,1,5806273
5838719,1,5805036
5839992,1,5808251
5831999,3,5816150
5850208,1,5869169
5848838,1,5865996
5852115,1,5865195
5849814,1,5862974
5847604,1,5862839
5867560,1,5846412
5861169,1,5845995
5861168,1,5845994
5866081,1,5840049
5833271,1,5803624
5845346,1,5860610
5855331,1,5867407
5855528,1,5854033
5864766,1,5853507
5840214,1,5811424
5833343,1,5804678
5843970,1,5854398
5830850,1,5813968
5833360,1,5804695
5858343,1,5865555
5856129,1,5863352
5859805,1,6042381
5843910,1,5869842
5842848,1,5869757
5856515,1,5869550
5842660,1,5866666
5843645,1,5865707
5842570,1,5865608
5854157,1,5865273
5842533,1,5864601
5842517,1,5864585
5842499,1,5864567
5844498,1,5863643
5843497,1,5863618
5842474,1,5863571
5842473,1,5863570
5842459,1,5863556
5852981,1,5863132
5842376,1,5862504
5844411,1,5861620
5844410,1,5861619
5842308,1,5861469
5843303,1,5860521
5843300,1,5860518
5843182,1,5858465
5855826,1,5858210
5857836,1,5857297
5857835,1,5857296
5855751,1,5857164
5843029,1,5856372
5843968,1,5854396
5843927,1,5854355
5866540,1,5847377
5866098,1,5840066
5837329,1,5816478
5847989,1,5869036
5843682,1,5866712
5843678,1,5866708
5842656,1,5866662
5842486,1,5864554
5855032,1,5862262
5855031,1,5862261
5852943,1,5862125
5843238,1,5859489
5857976,1,5859376
5847339,1,5858706
5852719,1,5858030
5855685,1,5856130
5844004,1,5855403
5857674,1,5855195
5865830,1,5853591
5866866,1,5852605
5866839,1,5851596
5866539,1,5847376
5866538,1,5847375
5866537,1,5847374
5860108,1,5845941
5866353,1,5844250
5839651,1,5819738
5840283,1,5812474
5836344,1,5818465
5846957,1,5868979
5848992,1,5868078
5848990,1,5868076
5848989,1,5868075
5848982,1,5868068
5848978,1,5868064
5847930,1,5868010
5846867,1,5867922
5845858,1,5867897
5856382,1,5867482
5854321,1,5867373
5854286,1,5867338
5847841,1,5866953
5847829,1,5866941
5845760,1,5866831
5845759,1,5866830
5845751,1,5866822
5844726,1,5866780
5857399,1,5866554
5848879,1,5866035
5845730,1,5865833
5844666,1,5865752
5854206,1,5865322
5849943,1,5865038
5849930,1,5865025
5849925,1,5865020
5848799,1,5864992
5847715,1,5864890
5847714,1,5864889
5847713,1,5864888
5845670,1,5864803
5858282,1,5864524
5837535,1,6038611
5834901,1,5812119
5860613,1,6044958
5849058,1,5869107
5849057,1,5869106
5857255,1,5864473
5854131,1,5864277
5853095,1,5864217
5848727,1,5863953
5848679,1,5863905
5848675,1,5863901
5846652,1,5863831
5846625,1,5863804
5846624,1,5863803
5845593,1,5863757
5844514,1,5863659
5857194,1,5863441
5849792,1,5862952
5849774,1,5862934
5849773,1,5862933
5848659,1,5862918
5848654,1,5862913
5848615,1,5862874
5846579,1,5862789
5846572,1,5862782
5846562,1,5862772
5846558,1,5862768
5846515,1,5861759
5846514,1,5861758
5845415,1,5861645
5857039,1,5861350
5853895,1,5861134
5852872,1,5861087
5849692,1,5860924
5854928,1,5860223
5854907,1,5860203
5853875,6,5860147
5853863,1,5860135
5849586,1,5859855
5848463,1,5859822
5844293,1,5859568
5844276,1,5859551
5857944,1,5859344
5854813,1,5859141
5848363,1,5858754
5848362,1,5858753
5847355,1,5858722
5855802,1,5858186
5853739,1,5858075
5852687,1,5857999
5849447,1,5857784
5849435,1,5857772
5847306,1,5857702
5847305,1,5857701
5847304,1,5857700
5847244,1,5857641
5857822,1,5857283
5853634,1,5856999
5853632,1,5856997
5853631,1,5856996
5852653,1,5856993
5848245,1,5856695
5847236,1,5856662
5844051,1,5856418
5858783,1,5856295
5858778,1,5856290
5853615,1,5856012
5852576,1,5855949
5848207,1,5855689
5847124,1,5855582
5856661,1,5855158
5856635,1,5855132
5856626,1,5855123
5854569,1,5855018
5853527,1,5854952
5853511,1,5854936
5849287,1,5854724
5849276,1,5854714
5848141,1,5854652
5843923,1,5854351
5857639,1,5854192
5857636,1,5854189
5856579,1,5854108
5849222,1,5853692
5849177,1,5853649
5865854,1,5853615
5864811,1,5853552
5864796,1,5853537
5864771,1,5853512
5864765,1,5853506
5849955,1,5865050
5854024,1,5863199
5857855,1,5858287
5854761,1,5858121
5865507,7,5848369
5849464,1,5857801
5849390,1,5856759
5859366,1,5851094
5854765,1,5858125
5846256,1,5857632
5857834,1,5857295
5850509,1,5856860
5857740,1,5856233
5842963,1,5855338
5853557,1,5854982
5846001,1,5854470
5866714,1,5850492
5859293,1,5850041
5866679,1,5849479
5865420,1,5847302
5861250,1,5847054
5861249,1,5847053
5861248,1,5847052
5861235,1,5847039
5865373,1,5846274
5865324,1,5845246
5864140,1,5843078
5866203,1,5842138
5842064,1,5841710
5867210,1,5841172
5866017,1,5839003
5864916,1,5838947
5860643,1,5837637
5856407,1,5867507
5856191,1,5864385
5840548,1,5816676
5833894,1,5813094
5833893,1,5813093
5852710,1,5858022
5852681,1,5857993
5852662,1,5857974
5851645,1,5857958
5848313,1,5857734
5848301,1,5857722
5848291,1,5857712
5848290,1,5857711
5848289,1,5857710
5846254,1,5857630
5845209,1,5857571
5845178,1,5857540
5845177,1,5857539
5845171,1,5857533
5844165,1,5857503
5857839,1,5857300
5857821,1,5857282
5857808,1,5857269
5857805,1,5857266
5856812,1,5857248
5856801,1,5857238
5856782,1,5857219
5855766,1,5857179
5855748,1,5857161
5855739,1,5857152
5854727,1,5857116
5854697,1,5857086
5854692,1,5857081
5853690,1,5857054
5853645,1,5857010
5852645,1,5856986
5852641,1,5856982
5852639,1,5856980
5852621,1,5856962
5852617,1,5856958
5852606,1,5856947
5846196,1,5856601
5846179,1,5856585
5845122,1,5856513
5844052,1,5856419
5858804,1,5856316
5858803,1,5856315
5858802,1,5856314
5857777,1,5856270
5857773,1,5856266
5857763,1,5856256
5856749,1,5856217
5856747,1,5856215
5856733,1,5856202
5856695,1,5856164
5856685,1,5856154
5855703,1,5856148
5841805,1,5819882
5840752,1,5819833
5840637,1,5818733
5834247,1,5818373
5831906,1,5815070
5840365,1,5814522
5837178,1,5814357
5837176,1,5814355
5835056,1,5814242
5835012,1,5814198
5840323,1,5813496
5834977,1,5813178
5840203,1,5811413
5839017,1,5810248
5834656,1,5807942
5842015,7,5806300
5855688,1,5856133
5855667,1,5856112
5854633,1,5856054
5854614,1,5856035
5853614,1,5856011
5853601,1,5855998
5853594,1,5855991
5853575,1,5855972
5853571,1,5855968
5852588,1,5855960
5852566,1,5855939
5852550,1,5855923
5852542,1,5855915
5852541,1,5855914
5848192,1,5855674
5857713,1,5855234
5857712,1,5855233
5857701,1,5855222
5857686,1,5855207
5856663,1,5855160
5854601,1,5855049
5854573,1,5855022
5854572,1,5855021
5853558,1,5854983
5853542,1,5854967
5853519,1,5854944
5853518,1,5854943
5848140,1,5854651
5848117,1,5854628
5847082,1,5854569
5847077,1,5854564
5847069,1,5854556
5847068,1,5854555
5847055,1,5854542
5846005,1,5854474
5858655,1,5854232
5857653,1,5854206
5857646,1,5854199
5857623,1,5854176
5857604,1,5854157
5857603,1,5854156
5857602,1,5854155
5857599,1,5854152
5856607,1,5854136
5856602,1,5854131
5856601,1,5854130
5856555,1,5854084
5855573,1,5854078
5855569,1,5854074
5855561,1,5854066
5855548,1,5854053
5854514,1,5853995
5854513,1,5853994
5853496,1,5853952
5860582,1,5853266
5859534,1,5853224
5859488,1,5853178
5866895,1,5852634
5864753,1,5852513
5864713,1,5852473
5865547,1,5849388
5865546,1,5849387
5859268,1,5849037
5866615,1,5848435
5866588,1,5848408
5860282,1,5848071
5860221,1,5848011
5866573,1,5847410
5866550,2,5847387
5866546,1,5847383
5860175,1,5846986
5866452,1,5846308
5866448,1,5845323
5866447,1,5845322
5866427,1,5845303
5866420,1,5845296
5866391,1,5845267
5866316,1,5843233
5866269,1,5843186
5866166,1,5841116
5859771,1,5840716
5867147,1,5840130
5866108,1,5840076
5866073,7,5840041
5859687,1,5839652
5867108,1,5839111
5867107,1,5839110
5866022,1,5839008
5865972,1,5837978
5865906,1,5836933
5865905,1,5836932
5840606,1,5817718
5840598,1,5817710
5838385,1,5816525
5837134,1,5813328
5834768,1,5810020
5834767,1,5810019
5841101,1,5809336
5840953,1,5806239
5840867,1,5805172
5864817,1,5853558
5855750,1,5857163
5842028,1,5841674
5831439,1,5807719
5846797,1,5866884
5846729,1,5865848
5836169,1,5815337
5835377,1,5819487
5858052,1,5861387
5858051,1,5861386
5857045,1,5861356
5857043,1,5861354
5857041,1,5861352
5857033,1,5861344
5857029,1,5861340
5857027,1,5861338
5856034,1,5861320
5856033,1,5861319
5856017,1,5861304
5856013,1,5861300
5855991,1,5861278
5854977,1,5861240
5854973,1,5861236
5854972,1,5861235
5854971,1,5861234
5854957,1,5861220
5854954,1,5861217
5853926,1,5861165
5853904,1,5861143
5853903,1,5861142
5853902,1,5861141
5852894,1,5861109
5852878,1,5861093
5852877,7,5861092
5852865,1,5861080
5852861,1,5861076
5852853,1,5861068
5851825,1,5861038
5851824,1,5861037
5851803,1,5861016
5847467,1,5860769
5845408,1,5860671
5845407,1,5860670
5845380,1,5860644
5845370,1,5860634
5845349,1,5860613
5842228,1,5860422
5858039,1,5860407
5858019,1,5860387
5858016,1,5860384
5857989,1,5860357
5857008,1,5860351
5855966,1,5860285
5855944,1,5860264
5855943,1,5860263
5855929,7,5860249
5855917,7,5860237
5855908,1,5860228
5854918,1,5860214
5854917,1,5860213
5854896,1,5860192
5854872,1,5860168
5853848,1,5860120
5852793,1,5860041
5852785,1,5860033
5851775,1,5860022
5851774,1,5860021
5851773,1,5860020
5848442,7,5859801
5846385,1,5859697
5846384,1,5859696
5846361,1,5859673
5844287,1,5859562
5843221,1,5859472
5857980,1,5859379
5857973,1,5859373
5857969,1,5859369
5857967,1,5859367
5857966,1,5859366
5857954,1,5859354
5857952,1,5859352
5857925,1,5859325
5856930,1,5859306
5856897,1,5859273
5856896,1,5859272
5856880,1,5859256
5855895,1,5859247
5855885,1,5859237
5855884,1,5859236
5855859,7,5859211
5855844,1,5859196
5854857,1,5859185
5854833,1,5859161
5854832,1,5859160
5854806,1,5859134
5854804,1,5859132
5853793,1,5859097
5853782,1,5859086
5853769,1,5859073
5853761,1,5859065
5853760,1,5859064
5852769,1,5859049
5852743,1,5859023
5852742,1,5859022
5851706,1,5858986
5851675,1,5858955
5851667,1,5858947
5847370,1,5858736
5842127,1,5858387
5857892,1,5858324
5856822,1,5858230
5855793,1,5858177
5855781,1,5858165
5854790,1,5858150
5854779,1,5858139
5854768,1,5858128
5854736,1,5858096
5853729,1,5858065
5853710,1,5858046
5853695,1,5858031
5858174,1,5862476
5846281,1,5858626
5835254,1,5817396
5848051,1,5870066
5844938,1,5869895
5857554,1,5869613
5845885,1,5868891
5863967,1,5839958
5836675,1,5806971
5847778,1,5865922
5860605,1,5853289
5860216,1,5847026
5860868,1,5840799
5860866,1,5840797
5860663,1,5837657
5860634,1,5837628
5839794,1,5805105
5839793,1,5805104
5839792,1,5805103
5839791,1,5805102
5836591,1,5804922
5836590,1,5804921
5836418,1,5819523
5835291,1,5818416
5835234,1,5817376
5836092,1,5814276
5835917,1,5811153
5836802,1,5808080
5836743,1,5808022
5836691,1,5806987
5842868,1,6038682
5846667,1,5864817
5863500,1,5849298
5834897,1,5812115
5833717,1,5809967
5835725,1,6044431
5846916,1,5867970
5846885,1,5867940
5851574,1,5856918
5860372,1,5850120
5860864,1,5840795
5860853,1,5840784
5860852,1,5840783
5835388,1,5819498
5835387,1,5819497
5835306,1,5818431
5836329,1,5817466
5836318,1,5817456
5836314,1,5817452
5840536,1,5816664
5835134,1,5816292
5837150,1,5814329
5836113,1,5814297
5836111,1,5814295
5837131,1,5813325
5837090,1,5813284
5837067,1,5812278
5836341,1,5818462
5835302,1,5818427
5835278,1,5818403
5831109,1,5818163
5831108,1,5818162
5840575,1,5817687
5840571,1,5817683
5836333,1,5817470
5836319,1,5817457
5836311,1,5817449
5835214,1,5817356
5835206,1,5817348
5836241,1,5816395
5836230,1,5816384
5836229,1,5816383
5835186,1,5816344
5835169,1,5816327
5835168,1,5816326
5835151,1,5816309
5840480,1,5815622
5840457,1,5815599
5836176,1,5815344
5836175,1,5815343
5837189,1,5814368
5837165,1,5814344
5837164,1,5814343
5836083,1,5814267
5836082,1,5814266
5837132,1,5813326
5837129,1,5813323
5836047,1,5813247
5834423,1,5804762
5846508,1,5861752
5840064,1,5809305
5846311,1,5858656
5843185,1,5858468
5855810,1,5858194
5855797,1,5858181
5855796,1,5858180
5854741,1,5858101
5852704,1,5858016
5846243,1,5857619
5854728,1,5857117
5852616,1,5856957
5847227,1,5856653
5849325,1,5855730
5849319,1,5855724
5856648,1,5855145
5848126,1,5854637
5848125,1,5854636
5843925,1,5854353
5856568,1,5854097
5855571,1,5854076
5855570,1,5854075
5855543,1,5854048
5853435,1,5853892
5861638,1,5853309
5860510,1,5852214
5860509,1,5852213
5865589,1,5849430
5865537,1,5848398
5865523,1,5848385
5865517,1,5848379
5865494,1,5848356
5864470,1,5848309
5864387,1,5847245
5859113,1,5846918
5866500,1,5846356
5861218,1,5846044
5861217,1,5846043
5866348,1,5844245
5861087,1,5843957
5867322,1,5843245
5860961,1,5842854
5860952,1,5841865
5860945,1,5841858
5866954,1,5837005
5859464,1,5852172
5836168,1,5815336
5865372,1,5846273
5840697,1,5819778
5838581,1,5819674
5833183,1,5818308
5833145,1,5818270
5840588,1,5817700
5837370,1,5817503
5837284,1,5816433
5833980,1,5814165
5833953,1,5814138
5833940,1,5814125
5841363,1,5813530
5839254,1,5813433
5831766,1,5812961
5834880,1,5812098
5833780,1,5811014
5833778,1,5811012
5840114,1,5810339
5839054,1,5810285
5839053,1,5810284
5834778,1,5810030
5834773,1,5810025
5838950,1,5809197
5838949,1,5809196
5834622,1,5807908
5834621,1,5807907
5832469,1,5807756
5841021,1,5807291
5839907,1,5807183
5838820,1,5807102
5840878,1,5805183
5858368,1,5865580
5855142,1,5864312
5849847,1,5863974
5851966,1,5863112
5849835,1,5862994
5849834,1,5862993
5849832,1,5862992
5849831,1,5862991
5843315,1,5860533
5843314,1,5860532
5843313,1,5860531
5858008,1,5860376
5844289,1,5859564
5856889,1,5859265
5850583,1,5858870
5850576,8,5857895
5857790,1,5857251
5851527,1,5856871
5849393,1,5856762
5859520,1,5853210
5861617,1,5852309
5867557,1,5846409
5867124,1,5840107
5859699,1,5839664
5866974,1,5837024
5866973,1,5837023
5866965,1,5837016
5866927,1,5836978
5846730,1,5865849
5854853,1,5859181
5846836,1,5866923
5844908,1,5869865
5857566,1,5869625
5856492,1,5869527
5854448,1,5869435
5853412,1,5869375
5847986,1,5869033
5847962,1,5869009
5845873,1,5868879
5858512,1,5868627
5855406,1,5868449
5853354,1,5868349
5855383,1,5867458
5855382,1,5867457
5854343,1,5867394
5854342,1,5867393
5853268,1,5867296
5847864,1,5866976
5847832,1,5866944
5846826,1,5866913
5844742,1,5866796
5842613,1,5866619
5854240,1,5866324
5853210,8,5866270
5853197,1,5866257
5843615,1,5865677
5842605,1,5865643
5857300,1,5865488
5856262,1,5865426
5855238,1,5865378
5855214,1,5865354
5854162,1,5865278
5854156,1,5865272
5854155,1,5865271
5854153,1,5865269
5841329,1,5812514
5840257,1,5812448
5837068,1,5812279
5837034,1,5812246
5835985,1,5812202
5835950,1,5812167
5835949,1,5812166
5836946,1,5811177
5835928,1,5811163
5835927,1,5811162
5841197,1,5810416
5841196,1,5810415
5840143,1,5810368
5835825,1,5810076
5834758,1,5810010
5833712,1,5809962
5833711,1,5809961
5833710,1,5809960
5833688,1,5809938
5837942,1,5809194
5835791,1,5809057
5831538,1,5808800
5831501,1,5808763
5830507,1,5808708
5830485,1,5808686
5839981,1,5808240
5836763,1,5808042
5833581,1,5807865
5839928,1,5807204
5836682,1,5806978
5835631,1,5806932
5839867,1,5806159
5836649,1,5805961
5836622,1,5805934
5836604,1,5805916
5835533,1,5805850
5836536,1,5804867
5835528,1,5804863
5835515,1,5804851
5835472,1,5804808
5835468,1,5804804
5837014,1,5812226
5857581,1,5869640
5857556,1,5869615
5857555,1,5869614
5857252,1,5864470
5844337,1,5860579
5851792,1,5861005
5857902,1,5858334
5840062,1,5809303
5830368,1,5806603
5830331,1,5805584
5830330,1,5805583
5832293,1,5804626
5842866,1,5869775
5858584,1,5869667
5842776,1,5868717
5844760,1,5867782
5843749,1,5867747
5842691,1,5867665
5843712,1,5866742
5855273,1,5866381
5836348,1,5818469
5836347,1,5818468
5836310,1,5817448
5836309,1,5817447
5837012,1,5812224
5836956,1,5811187
5857784,1,6036519
5840450,1,5815592
5837180,1,5814359
5837179,1,5814358
5837177,1,5814356
5837175,1,5814354
5837157,1,5814336
5837112,1,5813306
5837111,1,5813305
5837110,1,5813304
5831799,1,5812994
5835945,1,5812162
5838058,1,5811280
5832630,1,5809885
5833515,1,5806814
5833514,1,5806813
5833513,1,5806812
5840947,1,5806233
5841840,1,5804160
5840786,1,5804109
5833313,1,5803666
5842813,1,5869722
5857594,1,5869652
5857511,1,5868602
5855402,1,5868445
5854384,1,5868403
5844800,1,5867822
5843705,1,5866735
5843681,1,5866711
5842669,1,5866675
5857387,1,5866543
5854266,1,5866350
5853224,1,5866284
5843592,1,5865654
5842585,1,5865623
5858325,1,5865537
5855201,1,5865341
5844613,1,5864729
5858254,1,5864496
5857206,1,5864424
5852980,7,5863131
5848624,1,5862883
5845529,1,5862725
5844457,1,5862633
5843447,1,5862599
5843442,1,5862594
5843421,1,5862573
5842377,1,5862505
5842363,1,5862491
5848543,1,5861836
5846511,1,5861755
5855994,1,5861281
5852874,1,5861089
5857006,1,5860349
5852836,1,5860084
5846349,1,5859661
5843244,1,5859495
5842161,1,5859388
5856921,1,5859297
5855852,1,5859204
5855851,1,5859203
5854862,1,5859189
5846314,1,5858659
5846308,1,5858653
5844182,1,5858489
5857886,1,5858318
5856869,1,5858277
5854767,1,5858127
5847742,1,5864917
5846678,1,5864828
5844596,1,5864712
5842511,3,5864579
5858248,1,5864490
5857235,1,5864453
5855137,1,5864307
5847638,1,5863842
5843403,1,5862555
5858137,1,5862439
5855038,1,5862268
5855036,1,5862266
5855009,1,5862239
5848539,1,5860864
5844325,1,5860567
5856967,1,5860311
5857947,1,5859347
5852728,1,5859008
5854778,1,5858138
5848329,1,5857750
5847282,1,5857679
5843087,1,5857401
5853644,1,5857009
5847240,1,5856665
5843007,1,5856350
5856714,1,5856183
5848216,1,5855697
5848186,1,5855668
5847152,1,5855610
5847151,1,5855609
5847150,1,5855608
5856652,1,5855149
5855611,1,5855084
5855587,1,5855060
5853523,1,5854948
5853522,1,5854947
5852486,1,5854887
5847090,1,5854577
5843963,1,5854391
5857638,1,5854191
5854483,1,5853964
5854475,1,5853956
5853457,1,5853914
5853456,1,5853913
5865844,1,5853605
5865814,1,5853575
5860604,1,5853288
5866900,3,5852639
5866862,1,5852601
5865746,1,5852526
5866804,1,5851562
5866782,1,5851540
5865728,1,5851527
5865708,1,5851507
5865685,7,5851484
5865684,7,5851483
5866754,1,5850532
5866749,1,5850527
5866744,1,5850522
5866727,1,5850505
5865651,1,5850470
5865608,1,5850427
5859323,1,5850071
5866705,7,5849505
5866704,1,5849504
5865575,1,5849416
5865561,1,5849402
5846128,1,5855566
5841089,1,6044908
5853190,1,5866250
5855200,1,5865340
5855131,1,5864301
5854116,1,5864262
5844512,1,5863657
5847524,1,5861793
5843331,1,5861516
5842266,1,5860460
5856966,1,5860310
5852754,1,5859034
5855715,1,5857128
5855714,1,5857127
5845129,1,5856520
5844072,1,5856439
5854647,1,5856068
5842944,1,5855319
5855607,1,5855080
5855581,1,5855054
5842875,1,5854279
5865752,1,5852532
5866707,1,5849506
5866680,1,5849480
5859112,1,5846917
5866424,1,5845300
5866172,1,5841122
5867013,1,5838040
5837055,1,5812267
5836955,1,5811186
5835874,1,5811110
5841210,1,5810429
5835843,1,5810094
5835487,1,5804823
5835482,1,5804818
5835461,1,5803814
5851266,1,5869214
5847910,1,5867990
5852254,1,5867263
5852253,1,5867262
5846835,1,5866922
5842620,1,5866626
5852186,1,5866230
5852176,1,5866221
5852173,1,5866218
5852172,1,5866217
5863074,1,5842988
5840419,1,6037515
5850235,1,5869195
5843817,1,5868782
5850165,1,5868160
5845646,1,5864780
5857226,1,5864444
5856154,1,5863377
5848571,1,5861864
5852801,1,5860049
5852706,1,5858018
5854666,1,5856086
5850384,1,5855771
5849346,1,5855751
5859458,1,5852166
5866747,1,5850525
5859345,1,5850093
5867496,1,5845372
5859020,1,5844864
5867182,1,5841144
5837521,1,5819620
5837518,1,5819617
5831197,1,5819235
5840638,1,5818734
5835246,1,5817388
5841467,1,5814618
5836062,1,5813261
5841171,1,5810390
5840080,1,5809321
5840046,1,5809287
5837753,1,5807041
5837752,1,5807040
5837751,1,5807039
5834542,1,5806845
5830294,1,5805547
5854467,1,5869454
5854435,1,5869422
5853371,1,5869334
5858532,1,5868647
5858516,1,5868631
5852285,1,5868260
5850156,1,5868151
5844807,1,5867829
5857441,1,5867565
5855347,1,5867423
5854265,1,5866349
5854255,1,5866339
5849994,1,5866056
5845712,1,5865815
5858348,7,5865560
5855215,7,5865355
5853137,1,5865229
5853129,1,5865221
5853128,1,5865220
5858267,1,5864509
5854087,1,5864233
5845594,1,5863758
5855116,7,5863315
5854065,1,5863240
5854064,1,5863239
5854025,1,5863200
5852991,1,5863142
5842403,1,5862531
5858148,1,5862450
5856058,1,5862312
5855041,1,5862271
5855021,1,5862251
5855020,1,5862250
5843389,1,5861573
5857071,1,5861381
5855972,1,5861259
5855971,1,5861258
5855970,1,5861257
5854934,1,5861197
5851791,1,5861004
5851790,1,5861003
5848484,1,5860810
5852807,1,5860055
5848438,1,5859797
5848437,1,5859796
5848436,1,5859795
5856885,1,5859261
5855875,1,5859227
5854807,1,5859135
5833504,1,5806803
5835875,1,5811111
5866367,1,5844264
5843554,1,5864646
5845085,1,5856476
5845084,1,5856475
5831145,1,5819183
5830189,1,5819166
5830738,1,5811888
5831562,1,5809805
5830563,1,5809745
5831426,1,5807706
5831424,1,5807704
5830434,1,5807653
5831309,1,5805623
5830272,1,5805525
5833729,1,6044936
5836334,1,6038038
5845620,1,5864754
5853055,1,5864177
5846634,1,5863813
5842011,1,5806296
5846804,1,5866891
5846769,1,5865888
5853056,1,5864178
5834896,1,5812114
5844835,1,5868824
5858517,1,5868632
5844774,1,5867796
5853480,1,5853937
5863752,1,5853470
5863180,1,5844074
5862924,1,5839891
5862883,1,5839850
5861842,1,5839785
5831003,1,5816090
5867401,1,5844301
5867394,1,5844294
5849833,1,6037565
5847966,1,5869013
5846929,1,5868951
5846817,1,5866904
5846564,1,5862774
5848606,1,5861898
5848605,1,5861897
5847158,1,5855616
5847157,1,5855615
5850258,1,5853710
5864114,2,5843052
5835298,1,5818423
5836156,1,5815324
5837143,1,5814322
5832871,1,5814060
5832870,1,5814059
5836868,1,5809128
5834997,1,6037020
5850649,1,6037030
5845742,3,5866813
5863690,1,5852427
5862464,1,5849238
5862458,1,5849232
5863439,1,5848254
5862368,1,5848159
5862286,1,5847096
5863306,1,5846159
5863263,1,5846116
5862027,1,5842917
5862026,1,5842916
5862891,1,5839858
5862890,1,5839857
5862889,1,5839856
5862888,1,5839855
5862763,1,5837768
5861748,1,5837729
5831913,1,5815077
5830715,1,5811866
5830378,1,5806613
5830360,1,5806595
5830340,1,5806575
