victim_id,circumstances_id,justifiable_force_id
63035139,1,
63038312,1,
63038319,10,
63032905,10,
63032976,9,
63032984,1,
63032993,1,
63036141,10,
63039232,1,
63039260,9,
63029911,1,
63036163,10,
63036164,1,
63039306,1,
63029923,8,
63029936,10,
63036220,1,
63030001,1,
63030009,10,
63030051,10,
63033949,1,
63033974,1,
63033975,1,
63033990,10,
63037160,1,
63040266,10,
63040274,10,
63034032,6,
63034033,10,
63037189,1,
63037190,1,
63037191,10,
63040280,1,
63040283,1,
63040286,1,
63040318,1,
63034071,6,
63037235,9,
63037242,9,
63037249,10,
63037268,9,
63037269,10,
63040329,1,
63040366,1,
63031027,1,
63040404,10,
63040416,1,
63031076,10,
63031849,1,
63031854,10,
63031857,10,
63031114,10,
63031135,1,
63031136,1,
63031885,10,
63031886,10,
63031897,1,
63038159,10,
63038160,10,
63038187,10,
63031938,10,
63038235,1,
63032016,9,
63097783,1,
63097794,1,
63100909,10,
63092546,1,
63092547,1,
63097840,2,
63097848,10,
63100933,1,
63092620,9,
63097893,9,
63100986,9,
63100999,1,
63101000,1,
63103000,6,
63092623,10,
63095728,1,
63095729,1,
63097919,1,
63097927,1,
63092673,9,
63092701,2,
63095737,9,
63095756,9,
63095806,10,
63098821,1,
63098833,1,
63093635,9,
63101987,10,
63102007,1,
63093643,1,
63093659,10,
63102053,1,
63102054,1,
63093715,1,
63093726,1,
63102120,1,
63096771,10,
63096784,1,
63096823,9,
63096824,9,
63096825,9,
63099864,1,
63091523,1,
63091536,10,
63091537,10,
63091538,10,
63091539,10,
63091540,10,
63091541,10,
63099921,9,
63099923,10,
63099924,10,
63099926,1,
63099927,1,
63091574,4,
63091575,4,
63091576,4,
63091577,4,
63091578,4,
63094680,1,
63096911,1,
63094743,9,
63094748,9,
63094750,9,
63094754,9,
63099997,1,
63099998,1,
63100009,1,
63091652,9,
63091653,3,
63094775,10,
63094780,1,
63094791,1,
63074626,1,
63071508,9,
63071513,1,
63077796,10,
63077804,1,
63068468,2,
63068475,1,
63068477,1,
63071544,4,
63071574,1,
63071575,1,
63074713,1,
63074715,1,
63074716,1,
63068494,1,
63068495,1,
63068496,1,
63068497,1,
63068498,1,
63068509,1,
63068510,10,
63068511,1,
63068521,1,
63071594,10,
63074763,1,
63074767,1,
63071662,1,
63066270,10,
63066271,1,
63069400,2,
63066291,9,
63066303,9,
63066304,10,
63066305,10,
63066329,1,
63066337,9,
63069412,1,
63069417,10,
63069428,1,
63069439,6,
63066351,10,
63066352,10,
63069462,1,
63069467,1,
63072592,1,
63075726,1,
63066405,1,
63069511,1,
63069513,6,
63069548,2,
63069550,9,
63072602,9,
63072643,1,
63075807,1,
63077846,1,
63072652,9,
63072679,6,
63072684,9,
63075820,1,
63075846,4,
63075847,4,
63077891,8,
63077892,8,
63077893,8,
63077905,10,
63077911,1,
63077912,1,
63077913,1,
63067295,1,
63067312,1,
63077916,1,
63077938,9,
63077944,1,
63077945,1,
63067336,6,
63067344,2,
63067355,1,
63067360,9,
63070448,1,
63070449,1,
63073584,1,
63076736,9,
63067366,1,
63070485,9,
63070499,2,
63070500,2,
63070501,2,
63073628,9,
63073629,9,
63073634,10,
63073635,10,
63073636,10,
63076764,1,
63076766,1,
63076773,1,
63067424,9,
63070546,1,
63073692,1,
63076820,1,
63070606,10,
63073733,6,
63076865,1,
63076866,1,
63068338,9,
63068339,9,
63068365,1,
63071491,9,
63086314,3,
63086367,10,
63086373,9,
63089475,9,
63089479,9,
63089552,1,
63081016,1,
63081026,9,
63084124,9,
63087284,9,
63081044,1,
63081058,1,
63084167,1,
63084179,10,
63084184,1,
63087324,1,
63087346,10,
63087348,9,
63081093,1,
63081097,1,
63081118,1,
63087379,1,
63087380,1,
63087402,5,
63087403,5,
63087450,1,
63087451,1,
63087452,1,
63078884,1,
63078885,1,
63082012,1,
63082035,1,
63082036,1,
63088329,1,
63078943,1,
63078959,9,
63078963,1,
63082060,1,
63082068,1,
63082072,1,
63082074,9,
63082075,9,
63082080,10,
63082084,4,
63085218,1,
63079006,9,
63088407,1,
63088422,9,
63090521,1,
63079905,4,
63085347,1,
63090540,9,
63090545,4,
63079913,1,
63083071,1,
63079968,5,
63083124,1,
63086254,1,
63086255,1,
63086267,1,
63086268,1,
63089402,9,
63065231,2,
63065262,1,
63065263,1,
63065267,9,
63055912,3,
63065272,6,
63065273,6,
63065274,2,
63055965,9,
63055966,9,
63055967,9,
63059067,1,
63059068,1,
63059079,1,
63059080,1,
63059081,1,
63062251,9,
63056005,10,
63059099,10,
63059109,1,
63059117,6,
63059118,2,
63062266,9,
63062270,1,
63062278,10,
63062288,6,
63056046,1,
63056056,10,
63059162,9,
63059163,9,
63059189,1,
63062309,1,
63062310,1,
63062316,9,
63063092,1,
63063096,1,
63063097,1,
63063110,1,
63063111,1,
63063119,1,
63063126,10,
63063127,1,
63059203,6,
63062379,1,
63062383,9,
63063155,1,
63063164,9,
63063173,1,
63053827,9,
63053841,1,
63063208,1,
63063216,10,
63063217,10,
63053869,1,
63053880,2,
63053884,1,
63053892,1,
63056957,9,
63056958,9,
63056959,9,
63056966,10,
63056974,9,
63060109,10,
63063237,1,
63053932,1,
63057009,1,
63057010,10,
63060128,1,
63060155,1,
63065346,10,
63065348,1,
63065349,1,
63053961,10,
63053962,1,
63057074,1,
63057075,10,
63064152,9,
63064168,1,
63064172,9,
63060276,6,
63064238,6,
63054874,10,
63054877,10,
63054914,9,
63058004,6,
63061159,6,
63061163,1,
63061177,10,
63061178,1,
63064273,10,
63064274,1,
63054925,10,
63054961,9,
63054962,9,
63058055,1,
63054967,10,
63055016,1,
63061258,9,
63061266,1,
63061274,10,
63061281,1,
63061292,10,
63061293,10,
63061321,9,
63061332,9,
63065176,2,
63058175,9,
63058177,9,
63058178,9,
63115604,2,
63115641,9,
63115673,9,
63115730,9,
63115731,9,
63115732,9,
63118853,9,
63121959,1,
63122002,1,
63122011,1,
63122013,10,
63122055,9,
63122056,9,
63122057,9,
63119798,1,
63119806,1,
63119807,9,
63116713,8,
63116719,1,
63116723,1,
63119874,9,
63119875,9,
63119876,9,
63119877,9,
63119904,1,
63119925,10,
63119937,1,
63119942,1,
63117686,9,
63117688,10,
63117751,6,
63117760,1,
63120836,1,
63117802,9,
63117803,9,
63117804,9,
63120914,10,
63120915,1,
63120976,1,
63121897,6,
63112506,2,
63112507,2,
63112508,2,
63112509,2,
63112510,2,
63112511,2,
63106259,1,
63106262,1,
63109411,1,
63112536,1,
63106308,9,
63109420,1,
63112616,9,
63104056,1,
63107207,1,
63107211,1,
63107233,10,
63107253,9,
63110392,1,
63110414,1,
63110422,1,
63104179,1,
63113554,1,
63104222,9,
63107341,1,
63113607,1,
63113621,10,
63113631,1,
63113632,1,
63113633,1,
63111401,1,
63111405,1,
63105181,1,
63108295,10,
63111419,1,
63111432,1,
63111437,1,
63111439,10,
63111453,1,
63105196,1,
63108312,1,
63111455,1,
63114613,1,
63114614,1,
63108379,10,
63108381,9,
63111512,10,
63111520,1,
63114616,1,
63114618,1,
63114661,1,
63106168,3,
63106183,1,
63106186,1,
63106201,1,
63106202,1,
63112462,8,
63106217,1,
63106229,9,
63106230,9,
63109342,1,
63049658,9,
63049660,9,
63049668,9,
63049672,9,
63049675,9,
63049684,9,
63049685,9,
63049686,9,
63052773,1,
63052783,10,
63052786,1,
63046647,1,
63046648,1,
63049742,9,
63052850,10,
63046749,1,
63046771,1,
63046778,2,
63041404,1,
63041424,6,
63041441,1,
63041446,1,
63050668,9,
63041464,1,
63044602,9,
63044614,10,
63044615,1,
63044616,1,
63050688,9,
63050697,9,
63050714,1,
63050715,1,
63050720,1,
63050722,1,
63044624,6,
63044630,6,
63044638,1,
63050740,1,
63050752,9,
63050760,10,
63050768,1,
63050775,9,
63050778,10,
63042352,1,
63047704,1,
63050794,1,
63050798,1,
63050800,9,
63050816,1,
63050817,1,
63050818,1,
63050819,1,
63050825,10,
63042375,1,
63042386,1,
63045549,10,
63045550,10,
63047745,1,
63047752,2,
63052908,1,
63045574,9,
63045592,1,
63047798,6,
63047806,9,
63047815,1,
63048570,1,
63048582,1,
63052922,10,
63042512,1,
63042513,1,
63045617,1,
63047836,1,
63048609,9,
63048610,1,
63051706,10,
63051724,2,
63051732,1,
63051736,10,
63051737,1,
63051738,1,
63051741,10,
63048648,10,
63051751,9,
63051754,1,
63051758,9,
63051760,1,
63051765,10,
63051780,2,
63051796,1,
63048720,9,
63051811,1,
63051817,9,
63051818,10,
63051821,10,
63051829,10,
63051836,1,
63051847,1,
63051848,1,
63043436,1,
63043467,6,
63043473,10,
63049603,9,
63046612,1,
63049619,9,
63049630,9,
63049631,9,
63049646,1,
63049647,9,
63049650,9,
63049652,9,
63052747,6,
64310000,1,
64310012,1,
64310026,1,
64310027,1,
64310034,1,
64310038,1,
64310039,6,
64313137,6,
64313144,1,
64313168,9,
64310042,6,
64310043,6,
64310044,6,
64310047,9,
64310054,6,
64310057,1,
64313216,1,
64313217,6,
64313244,1,
64313266,6,
64313278,9,
64313280,1,
64313282,1,
64313288,1,
64313291,9,
64313294,10,
64313295,10,
64313304,10,
64313307,2,
64311011,1,
64311016,1,
64307891,1,
64311055,10,
64311056,10,
64311060,10,
64311062,9,
64314246,1,
64314266,10,
64314277,2,
64311135,6,
64311141,9,
64311147,6,
64311162,1,
64314317,10,
64314350,1,
64314351,1,
64314352,1,
64314363,2,
64314364,9,
64314365,9,
64312087,9,
64312089,1,
64308965,1,
64308972,9,
64312119,1,
64309054,1,
64309059,1,
64312154,6,
64312155,10,
64312156,10,
64312157,10,
64312158,1,
64312191,10,
64312192,10,
64316161,10,
64316177,1,
64316178,1,
64309944,1,
64309968,1,
64309969,6,
64309972,1,
64309973,6,
64309975,1,
64185334,1,
64185338,6,
64185340,9,
64185341,9,
64185342,9,
64182256,1,
64182262,1,
64182267,1,
64182282,1,
64182283,1,
64185393,9,
64188477,6,
64182311,1,
64185441,6,
64188554,9,
64188556,1,
64191673,2,
64191699,6,
64185456,1,
64185457,6,
64185461,1,
64185463,10,
64185465,6,
64185474,1,
64185475,1,
64185479,9,
64185480,9,
64188571,1,
64188603,1,
64188604,9,
64191739,1,
64191765,1,
64191766,1,
64188613,1,
64188633,9,
64188634,9,
64188635,9,
64188636,9,
64191774,1,
64186365,6,
64189530,1,
64183280,6,
64183299,9,
64186382,6,
64186402,1,
64186404,10,
64192679,1,
64192681,6,
64183316,2,
64186461,6,
64189614,1,
64192696,9,
64183358,9,
64186492,1,
64186516,9,
64189633,1,
64189639,6,
64189663,9,
64189666,6,
64192783,1,
64192784,1,
64192785,1,
64186529,10,
64186535,2,
64186536,9,
64186537,9,
64189680,9,
64189681,1,
64189694,1,
64192821,1,
64184276,6,
64184281,6,
64184282,6,
64184301,1,
64184302,1,
64184310,10,
64187419,6,
64187439,9,
64187440,9,
64184345,1,
64184363,10,
64187482,2,
64187483,2,
64190615,1,
64190620,1,
64190637,1,
64193730,9,
64193742,1,
64193743,1,
64193744,1,
64193745,1,
64193746,6,
64184390,6,
64184394,1,
64184395,1,
64187493,1,
64190650,1,
64190655,1,
64190676,1,
64190687,1,
64193758,1,
64193759,9,
64193779,1,
64193788,1,
64193795,1,
64187546,10,
64187547,10,
64187577,1,
64187580,1,
64190699,10,
64190703,6,
64190713,2,
64190732,1,
64193823,1,
64193835,6,
64158036,10,
64161147,1,
64161150,1,
64161181,6,
64161183,1,
64164310,10,
64164316,6,
64158062,6,
64158063,1,
64158064,9,
64158069,6,
64158086,1,
64161190,1,
64161200,1,
64161205,6,
64161220,9,
64161230,6,
64164349,9,
64164364,1,
64164386,1,
64167481,1,
64167503,1,
64158126,9,
64161248,6,
64161253,1,
64161258,3,
64161280,10,
64164398,6,
64167514,10,
64167519,1,
64167532,6,
64167538,1,
64167539,1,
64167540,1,
64167541,1,
64169593,1,
64169601,6,
64161286,1,
64161302,6,
64161314,6,
64161321,1,
64164448,9,
64164472,9,
64164473,9,
64164482,9,
64164483,6,
64167564,1,
64167565,1,
64167582,9,
64167596,1,
64169617,1,
64169629,10,
64169645,1,
64159029,1,
64159030,1,
64159032,6,
64167614,1,
64169663,9,
64169669,1,
64159045,1,
64159051,2,
64159076,1,
64162203,6,
64165361,2,
64159093,1,
64159113,1,
64159115,9,
64159120,1,
64159127,9,
64162220,1,
64162239,9,
64162244,6,
64165380,9,
64165408,1,
64159141,1,
64159142,1,
64159143,1,
64159148,9,
64159176,9,
64162278,1,
64162284,1,
64165460,2,
64168551,1,
64168560,6,
64168568,1,
64168571,1,
64168579,10,
64168580,10,
64159184,9,
64159192,1,
64159194,1,
64162348,1,
64162350,6,
64162352,1,
64162353,1,
64165486,6,
64165492,6,
64165495,10,
64168593,6,
64168597,10,
64168625,9,
64168630,1,
64162375,10,
64162376,1,
64162378,9,
64165528,6,
64168648,10,
64168681,6,
64160105,6,
64160120,1,
64160132,1,
64160136,1,
64160150,2,
64163280,1,
64166418,9,
64166426,1,
64166439,1,
64166440,1,
64166441,6,
64160199,6,
64163292,9,
64163293,9,
64163301,1,
64163315,1,
64163323,6,
64166445,1,
64166448,1,
64166451,9,
64166490,9,
64160211,6,
64160218,2,
64160233,6,
64163332,10,
64163333,10,
64163334,10,
64163335,10,
64163342,9,
64163344,1,
64163348,1,
64163350,10,
64163353,6,
64163364,1,
64163373,6,
64166510,10,
64166521,1,
64166527,10,
64166536,1,
64163378,6,
64163380,1,
64163383,6,
64163384,1,
64163389,10,
64163413,10,
64163421,6,
64163422,6,
64166543,10,
64166548,2,
64166551,9,
64157970,10,
64157980,1,
64157983,1,
64157984,1,
64157987,1,
64255463,10,
64247054,9,
64250103,1,
64255482,1,
64255494,9,
64255507,1,
64255512,1,
64250128,10,
64250129,10,
64250156,1,
64250169,1,
64250170,1,
64244828,1,
64253243,1,
64253244,1,
64253263,1,
64244848,1,
64244849,1,
64247991,1,
64247997,1,
64250249,1,
64250252,9,
64250267,9,
64250268,9,
64253276,9,
64244925,1,
64244940,1,
64248052,1,
64250269,9,
64244966,6,
64244981,1,
64248097,1,
64248123,1,
64248140,1,
64248141,1,
64251157,6,
64251158,1,
64251164,1,
64251165,1,
64251166,1,
64251167,1,
64251168,1,
64251169,1,
64251170,1,
64251171,1,
64251172,1,
64245886,1,
64254316,1,
64254319,6,
64251248,1,
64251272,1,
64251280,5,
64251281,5,
64251283,10,
64256430,6,
64249114,1,
64249115,1,
64249135,1,
64249136,1,
64251297,1,
64254425,1,
64254426,1,
64254427,9,
64256450,1,
64256487,9,
64246040,2,
64249172,6,
64249173,6,
64249174,6,
64249183,1,
64249191,10,
64256512,1,
64256515,1,
64256516,1,
64256517,1,
64256518,1,
64256577,1,
64246937,9,
64252209,1,
64252225,9,
64252269,1,
64252271,1,
64252300,1,
64252301,1,
64247029,1,
64247032,1,
64247033,1,
64220310,1,
64220331,10,
64220346,1,
64229051,1,
64220355,1,
64220362,1,
64220375,1,
64220419,9,
64220425,5,
64220427,10,
64220435,1,
64220454,1,
64223563,1,
64223569,1,
64223587,1,
64226762,10,
64226783,1,
64226794,6,
64226802,9,
64226803,9,
64226806,9,
64220459,1,
64226839,9,
64226853,1,
64230004,1,
64223669,1,
64226865,1,
64230131,10,
64221405,9,
64224568,1,
64221444,1,
64221446,10,
64221449,1,
64221480,1,
64221482,1,
64224617,9,
64224627,9,
64227825,9,
64221533,6,
64224665,1,
64227863,6,
64227867,10,
64227895,1,
64231091,10,
64231117,1,
64227964,10,
64227996,1,
64227998,1,
64231130,1,
64222425,9,
64222432,9,
64222454,9,
64231214,1,
64231224,9,
64231225,9,
64222492,9,
64222493,1,
64222496,9,
64231242,9,
64231250,2,
64231251,2,
64231252,2,
64222539,9,
64225712,9,
64228920,9,
64228934,9,
64222564,9,
64222589,1,
64222590,1,
64228970,1,
64225778,6,
64225786,1,
64225795,9,
64225814,1,
64225815,1,
64232171,10,
64232173,10,
64232174,9,
64232206,1,
64232207,1,
64232214,1,
64237692,6,
64232224,1,
64232229,1,
64232241,10,
64232285,10,
64235419,1,
64235420,1,
64235459,1,
64238619,1,
64232334,9,
64232335,9,
64238626,1,
64238641,1,
64238647,1,
64235517,1,
64235532,1,
64238709,1,
64238713,1,
64238718,1,
64238719,1,
64241885,1,
64241887,6,
64241905,6,
64241909,1,
64238742,1,
64238743,1,
64238744,6,
64238762,1,
64233280,1,
64233291,9,
64233292,10,
64241971,1,
64233348,9,
64233352,9,
64236471,1,
64236472,9,
64236474,1,
64236487,1,
64236488,1,
64239701,1,
64233387,1,
64236510,1,
64239714,1,
64239731,1,
64239735,6,
64233406,1,
64236570,9,
64242899,9,
64242904,1,
64242914,1,
64239802,1,
64239841,1,
64243750,1,
64234321,9,
64234322,1,
64243014,1,
64243037,1,
64234361,1,
64234362,1,
64243045,1,
64243842,1,
64234426,1,
64237576,1,
64237577,1,
64237583,1,
64240744,1,
64240749,1,
64240754,1,
64240768,1,
64240784,1,
64243873,1,
64243880,1,
64243907,1,
64237607,1,
64237618,1,
64237636,1,
64240813,9,
64240821,1,
64243924,1,
64237643,1,
64237651,10,
64237652,1,
64217119,1,
64214016,1,
64217186,1,
64217190,1,
64217219,1,
64217220,1,
64217221,1,
64217239,9,
64208564,1,
64219353,1,
64219360,1,
64208628,1,
64208658,10,
64208660,1,
64211765,9,
64211768,3,
64214966,10,
64214970,9,
64219385,9,
64208686,9,
64208690,1,
64211813,6,
64211816,1,
64211817,1,
64211818,1,
64211828,1,
64211829,9,
64211841,9,
64211842,9,
64211843,9,
64211846,1,
64215006,1,
64211876,1,
64211878,1,
64211883,6,
64215050,6,
64215078,10,
64215080,10,
64218214,10,
64218216,10,
64219271,10,
64211920,1,
64215101,9,
64215111,1,
64215123,1,
64215126,1,
64218264,9,
64218268,9,
64218277,6,
64218288,1,
64218289,1,
64219286,1,
64219287,1,
64219311,1,
64218290,1,
64218291,1,
64218302,10,
64218326,1,
64209649,9,
64209650,9,
64212812,1,
64212826,9,
64212827,9,
64212828,9,
64216018,6,
64209727,6,
64209741,10,
64212836,1,
64212838,1,
64212839,1,
64212865,1,
64212876,1,
64216047,1,
64216065,10,
64209774,1,
64209775,1,
64216108,6,
64207473,2,
64212933,9,
64207499,1,
64216189,1,
64207538,1,
64207542,1,
64207567,1,
64210715,9,
64207617,9,
64210731,1,
64210732,1,
64210733,1,
64210737,9,
64210765,1,
64213876,1,
64213883,10,
64213899,9,
64213906,1,
64213907,1,
64207633,1,
64210786,1,
64210793,1,
64213919,9,
64213950,4,
64213951,4,
64303724,10,
64301423,9,
64301452,10,
64296158,2,
64296177,1,
64301501,1,
64304610,1,
64304614,6,
64296182,1,
64296192,10,
64296222,1,
64299297,1,
64301514,1,
64301515,1,
64301523,2,
64304653,1,
64304666,2,
64304686,6,
64304693,1,
64296265,1,
64296266,1,
64296269,1,
64296272,1,
64299309,9,
64301576,1,
64301584,9,
64301590,1,
64304702,1,
64304703,1,
64304722,1,
64304731,1,
64304739,1,
64304742,1,
64306770,1,
64299380,1,
64299388,1,
64304757,1,
64304763,9,
64304786,6,
64304788,6,
64306816,2,
64306846,9,
64299439,2,
64299440,2,
64299441,2,
64299442,2,
64299443,2,
64299470,1,
64302493,2,
64302516,1,
64297203,2,
64297224,1,
64302541,2,
64302547,9,
64302556,1,
64305672,1,
64305674,1,
64305689,1,
64305721,6,
64297295,10,
64302619,9,
64305755,1,
64297319,2,
64302643,1,
64302650,1,
64300385,1,
64300406,10,
64300421,9,
64300422,9,
64300426,10,
64305834,9,
64295082,9,
64295083,9,
64295097,2,
64300447,9,
64300474,2,
64303543,1,
64303551,1,
64300483,1,
64300508,9,
64303565,1,
64303566,1,
64303594,1,
64303595,1,
64303596,6,
64303597,1,
64295174,1,
64298286,9,
64298300,1,
64298311,2,
64298313,2,
64298319,9,
64298321,1,
64303625,9,
64303626,9,
64303647,9,
64303657,6,
64303660,1,
64295213,9,
64295219,10,
64298349,9,
64303670,1,
64303677,9,
64303684,1,
64303694,1,
64303698,1,
64303706,1,
64303713,9,
64298376,1,
64277320,1,
64277330,1,
64271064,1,
64271065,1,
64271083,9,
64274170,1,
64277370,1,
64280512,3,
64271118,1,
64271119,1,
64271121,1,
64271122,1,
64271123,1,
64271124,1,
64271125,1,
64271126,1,
64271128,1,
64271140,1,
64280520,1,
64280535,9,
64280538,9,
64280542,9,
64280546,1,
64281710,1,
64281711,1,
64274310,1,
64274312,10,
64277454,9,
64280574,1,
64280577,6,
64280578,1,
64280588,6,
64280628,1,
64280650,1,
64280664,1,
64272035,9,
64272036,9,
64272037,9,
64272038,9,
64272042,1,
64272044,1,
64280670,1,
64272096,9,
64272100,6,
64272115,1,
64272116,9,
64278379,1,
64278409,1,
64278413,9,
64272122,3,
64272164,6,
64275266,1,
64275271,1,
64275280,1,
64275281,1,
64275283,1,
64272196,9,
64272202,9,
64278467,6,
64275350,9,
64275351,9,
64275357,1,
64278546,1,
64269991,2,
64270012,1,
64270073,9,
64270074,9,
64270075,9,
64273176,6,
64273178,1,
64276264,1,
64276288,9,
64279486,1,
64279487,1,
64279488,1,
64279491,1,
64273199,1,
64273205,9,
64276348,9,
64279494,1,
64279525,10,
64281563,9,
64281568,1,
64273248,9,
64276401,10,
64276402,10,
64279558,1,
64279563,9,
64279564,9,
64279565,9,
64281606,1,
64281616,1,
64270997,1,
64270998,1,
64279613,1,
64281652,9,
64281660,1,
64281680,1,
64281685,1,
64270999,1,
64271008,10,
64271018,9,
64271021,1,
64271045,10,
64271046,10,
64274162,1,
64289088,9,
64293045,1,
64285929,1,
64285933,2,
64285947,1,
64289145,9,
64293081,2,
64293082,2,
64289218,1,
64293122,10,
64293141,1,
64293146,1,
64286916,2,
64286917,2,
64286927,1,
64286934,9,
64286941,10,
64283843,1,
64286965,1,
64286998,9,
64290175,9,
64290180,9,
64290195,1,
64290215,1,
64287006,9,
64287020,1,
64287024,1,
64287039,9,
64287050,1,
64290220,10,
64290231,10,
64287068,10,
64290305,1,
64290307,2,
64284765,1,
64284785,2,
64291904,1,
64291916,10,
64291917,2,
64284796,1,
64284809,9,
64291943,1,
64291946,1,
64291948,1,
64291949,1,
64291956,1,
64284852,1,
64288001,9,
64288013,1,
64288015,2,
64288024,10,
64288025,1,
64291998,9,
64292022,1,
64294078,1,
64284920,9,
64284933,9,
64284934,1,
64288052,1,
64288053,1,
64288057,2,
64288073,2,
64288076,2,
64291255,1,
64291286,2,
64292056,1,
64294082,1,
64294084,1,
64294117,9,
64288094,9,
64288122,2,
64288137,1,
64291305,1,
64291306,2,
64291314,2,
64291329,9,
64294132,1,
64294135,1,
64294141,1,
64294181,10,
64288158,1,
64291362,1,
64291375,9,
64294182,10,
64282701,1,
64285837,1,
64292968,2,
64292972,10,
64292973,1,
64292979,1,
64293002,1,
64282729,1,
64282761,6,
64285870,9,
64285880,1,
64285888,1,
64285889,9,
64285891,1,
64264816,1,
64258537,1,
64258546,1,
64258561,1,
64258577,1,
64267944,9,
64267952,1,
64267953,1,
64267962,10,
64258586,9,
64258587,1,
64258622,6,
64268003,1,
64258653,10,
64265724,1,
64262604,1,
64262627,9,
64262637,9,
64262638,9,
64265827,10,
64259581,1,
64259588,1,
64259592,2,
64259593,2,
64259594,2,
64259595,2,
64259596,2,
64259597,2,
64259598,2,
64259599,2,
64259600,2,
64259601,2,
64259602,2,
64259603,2,
64259604,2,
64259605,2,
64259606,2,
64259607,2,
64259608,2,
64259609,2,
64259610,2,
64259611,2,
64259612,2,
64259613,2,
64259614,2,
64259615,2,
64260465,1,
64259708,1,
64259713,9,
64259733,1,
64260486,1,
64263650,1,
64266813,1,
64260560,1,
64260561,1,
64263686,1,
64263687,1,
64263701,6,
64266859,1,
64266861,1,
64268899,9,
64257465,9,
64257466,9,
64263716,1,
64263744,9,
64263746,1,
64266892,9,
64266900,10,
64268916,9,
64268938,10,
64266933,1,
64266938,1,
64268972,1,
64268984,1,
64268996,1,
64257582,1,
64261511,10,
64261512,10,
64261521,6,
64261543,10,
64261549,10,
64264706,9,
64264719,1,
64261572,9,
64267848,2,
64267849,2,
64267850,2,
64267851,2,
64267874,1,
64258531,1,
64261653,1,
63974818,9,
63977053,9,
63977054,9,
63977066,9,
63980172,1,
63971743,9,
63974849,9,
63974856,9,
63977075,9,
63980234,9,
63982261,10,
63982286,1,
63982296,1,
63982314,6,
63982316,1,
63982317,1,
63982318,1,
63982328,9,
63982329,9,
63982330,9,
63971799,1,
63971805,1,
63974933,10,
63974934,10,
63974959,9,
63980296,1,
63982357,9,
63982378,10,
63982384,1,
63982400,1,
63978001,1,
63978013,9,
63978058,9,
63978072,1,
63978079,1,
63981184,1,
63981211,9,
63981212,10,
63981262,9,
63978165,1,
63981313,6,
63975970,9,
63976031,9,
63973003,6,
63976061,6,
63976062,6,
63979131,1,
63970681,1,
63970693,10,
63979209,1,
63970748,1,
63970752,9,
63973915,6,
63973917,9,
63973918,9,
63973919,9,
63973920,9,
63979232,1,
63970755,10,
63947005,1,
63947006,1,
63947042,9,
63950261,1,
63950268,6,
63953454,10,
63944721,9,
63944722,9,
63944753,1,
63944754,1,
63950300,1,
63950301,6,
63950305,9,
63953500,9,
63944761,2,
63944787,9,
63953553,1,
63944825,2,
63944848,9,
63947996,9,
63947999,1,
63948016,1,
63948017,10,
63944859,9,
63944860,9,
63944861,9,
63944862,9,
64176939,1,
64176940,1,
64176951,1,
64176952,1,
64170729,1,
64170752,6,
64170768,1,
64170769,1,
64173839,6,
64173850,10,
64176988,1,
64176996,6,
64176997,6,
64177005,6,
64180134,1,
64182170,6,
64182185,1,
64170779,1,
64170780,1,
64170791,1,
64173889,1,
64173909,1,
64173910,1,
64173912,1,
64177037,10,
64177048,6,
64177068,9,
64180155,1,
64180176,1,
64180177,1,
64180189,1,
64180209,1,
64180211,1,
64180221,1,
64180228,1,
64171666,1,
64171698,9,
64171708,1,
64171733,1,
64174816,6,
64174845,1,
64177968,1,
64177974,1,
64177979,1,
64177980,1,
64177993,1,
64177998,1,
64177999,6,
64178000,1,
64178004,10,
64181103,1,
64181111,9,
64171749,1,
64171760,10,
64171772,10,
64171788,6,
64174878,6,
64178040,10,
64178041,1,
64178053,9,
64181128,10,
64171822,1,
64174898,1,
64174945,1,
64178062,1,
64181170,2,
64181177,6,
64181178,1,
64181184,1,
64181198,1,
64181199,1,
64181208,1,
64181209,1,
64171840,2,
64174948,9,
64174971,1,
64174976,9,
64178114,1,
64178116,1,
64181225,9,
64181245,9,
64181254,2,
64181261,6,
64181269,9,
64172720,1,
64172744,10,
64172745,10,
64179020,9,
64172764,1,
64172766,1,
64172776,6,
64172795,1,
64175886,1,
64179033,1,
64179034,9,
64179038,9,
64179043,10,
64179069,10,
64172812,1,
64172834,1,
64172835,9,
64172848,9,
64172849,1,
64172854,10,
64172855,10,
64175925,6,
64175926,1,
64175937,2,
64175938,2,
64175950,2,
64175951,1,
64175953,1,
64175968,1,
64193857,1,
64182200,10,
64182231,1,
63948050,2,
63951237,1,
63951242,1,
63951246,1,
63945792,6,
63954559,1,
63954566,6,
63954571,9,
63956645,1,
63954586,9,
63945875,2,
63949051,1,
63954639,1,
63956732,9,
63952337,9,
63956801,1,
63955586,1,
63955613,1,
63955617,1,
63946906,9,
63946907,9,
63946908,9,
63946964,2,
63950134,1,
63950135,1,
63994142,9,
63994143,9,
63994145,1,
63994146,1,
63994148,1,
63985511,1,
63985528,9,
63985531,1,
63988642,9,
63988650,9,
63988667,10,
63982403,10,
63985581,6,
63988681,6,
63991876,1,
63988747,10,
63988752,1,
63991954,9,
63991955,9,
63988797,6,
63983338,1,
63983341,9,
63983346,1,
63983347,10,
63983351,1,
63983354,4,
63983371,10,
63983372,10,
63983373,10,
63992018,9,
63983474,1,
63986586,1,
63986645,10,
63989840,1,
63984398,3,
63993091,9,
63987582,1,
63987587,10,
63987598,6,
63987610,9,
63987615,10,
63987633,1,
63984526,1,
63987690,9,
63993985,9,
63993986,9,
63993987,9,
63994008,9,
63994014,6,
63987715,1,
63987722,9,
63987728,1,
63987733,10,
63987734,10,
63990904,6,
63994113,9,
63994114,9,
63958910,1,
63958922,10,
63958939,10,
63958940,10,
63958941,10,
63962095,10,
63962126,9,
63962127,9,
63965324,10,
63965329,1,
63958958,1,
63965379,10,
63965380,10,
63965381,10,
63968529,9,
63968530,9,
63969689,1,
63969706,10,
63962191,1,
63965454,9,
63968662,9,
63959956,2,
63959972,1,
63960011,6,
63960034,10,
63963187,10,
63963203,1,
63963205,10,
63963208,6,
63963209,9,
63963212,10,
63963213,10,
63966395,9,
63960048,1,
63966434,1,
63957724,1,
63963276,6,
63966497,1,
63957766,1,
63957788,6,
63961000,1,
63957861,1,
63957865,1,
63964241,9,
63964242,9,
63964244,10,
63961130,10,
63967477,1,
63961145,9,
63961159,3,
63967530,1,
63967533,1,
63967534,1,
63958813,1,
63958827,1,
63964357,1,
63964362,9,
63967570,1,
63967589,9,
63967590,9,
63969635,9,
63969648,10,
63969649,10,
63969672,1,
64052363,1,
64052386,1,
64052396,1,
64047109,10,
64052430,10,
64052436,10,
64055552,1,
64055553,1,
64055554,1,
64055559,9,
64055563,10,
64055573,10,
64055574,10,
64055575,9,
64055576,6,
64055577,1,
64055578,1,
64055579,9,
64055582,9,
64055587,4,
64055588,4,
64055590,4,
64055591,4,
64055592,4,
64055618,9,
64055626,9,
64047195,9,
64047196,9,
64047197,9,
64050234,1,
64050247,1,
64050248,1,
64055685,5,
64050304,10,
64055709,1,
64053435,1,
64053436,1,
64048138,1,
64048148,1,
64050360,10,
64053466,9,
64045079,9,
64048199,6,
64053497,9,
64053530,9,
64045112,10,
64048244,10,
64053572,9,
64046032,10,
64049178,10,
64051364,1,
64054492,10,
64046119,1,
64046120,1,
64051402,10,
64051405,10,
64054548,9,
64054552,1,
64054570,1,
64056620,9,
64046121,1,
64046128,1,
64046129,1,
64046153,10,
64046160,9,
64051454,10,
64056634,1,
64056641,9,
64056652,9,
64056653,9,
64056654,9,
64049287,9,
64049293,1,
64049294,1,
64049295,1,
64049302,9,
64049306,1,
64054629,10,
64054634,9,
64056715,10,
64052354,9,
64056739,9,
64047077,1,
64047080,1,
64029108,9,
64029132,1,
64029141,10,
64020506,6,
64023633,9,
64023679,1,
64026883,1,
64020564,1,
64020593,9,
64020598,1,
64030125,9,
64027002,1,
64027005,10,
64030180,9,
64032235,1,
64030221,9,
64021551,1,
64021564,1,
64021605,1,
64021607,1,
64024757,9,
64024767,6,
64027975,1,
64028002,9,
64024856,1,
64028031,9,
64028032,9,
64028053,1,
64028059,1,
64028060,9,
64031193,1,
64031201,1,
64031202,1,
64031203,1,
64031280,1,
64031285,9,
64022638,9,
64022647,1,
64025785,9,
64025786,9,
64025793,10,
64025794,1,
64025799,1,
64022668,1,
64022681,1,
64022682,1,
64022695,6,
64022733,9,
64022734,9,
64025873,9,
64025900,1,
64029058,1,
64029068,9,
64025911,9,
64032265,9,
64032266,9,
64032271,10,
64032281,6,
64041787,10,
64041788,10,
64038633,10,
64038653,1,
64038677,2,
64041835,1,
64041858,1,
64033255,1,
64033257,9,
64033258,9,
64038732,10,
64041923,1,
64041940,1,
64041946,10,
64033355,1,
64033366,9,
64039686,1,
64039714,6,
64039739,1,
64042852,1,
64042869,1,
64042885,9,
64039772,2,
64039778,1,
64042912,9,
64042962,1,
64042974,1,
64042975,1,
64042982,3,
64042983,3,
64034390,10,
64034397,1,
64034412,9,
64034419,1,
64034451,9,
64037591,1,
64037592,9,
64040792,9,
64043911,1,
64034469,10,
64034482,9,
64034485,9,
64034489,1,
64037616,9,
64037627,9,
64037639,9,
64040801,1,
64040804,9,
64040805,9,
64043928,1,
64037652,6,
64037685,6,
64040865,1,
64017289,1,
64017291,9,
64017308,1,
64014178,9,
64014197,9,
64014204,9,
64008797,9,
64008798,9,
64019527,10,
64019528,10,
64019529,10,
64008832,9,
64008833,9,
64008871,1,
64008913,9,
64011988,9,
64011995,9,
64015157,10,
64015168,1,
64015201,9,
64018337,9,
64012058,1,
64018358,10,
64018395,1,
64018397,10,
64018398,10,
64019425,9,
64015254,1,
64019457,1,
64009831,5,
64009834,1,
64018479,9,
64018491,6,
64009864,9,
64009883,10,
64009884,1,
64009890,1,
64009891,1,
64009942,9,
64009961,9,
64013096,9,
64013101,1,
64016239,9,
64016265,10,
64016267,9,
64016298,9,
64016327,9,
64007729,10,
64007741,10,
64013162,10,
64016336,1,
64016344,10,
64010882,9,
64010883,9,
64007814,9,
64007835,9,
64007842,10,
64010917,1,
64010928,9,
64010929,9,
64014061,2,
64014066,1,
64007855,1,
64007871,9,
64010980,9,
64014080,9,
64014109,1,
64102339,9,
64097068,1,
64105510,1,
64105521,10,
64097089,9,
64097090,9,
64097112,1,
64102459,9,
64105568,9,
64105587,1,
64097165,4,
64097174,1,
64100175,5,
64100176,5,
64100177,5,
64100178,5,
64100239,10,
64100261,3,
64105658,9,
64100265,6,
64103391,10,
64100348,6,
64103412,9,
64103436,9,
64094994,1,
64095045,1,
64095061,1,
64098170,10,
64098215,1,
64095996,1,
64101296,10,
64104429,1,
64104431,9,
64104442,1,
64104452,9,
64104453,9,
64096016,3,
64099154,1,
64099155,9,
64099174,1,
64099187,1,
64104474,1,
64096096,1,
64096099,10,
64096100,10,
64096105,6,
64101394,10,
64101396,1,
64104539,1,
64106611,1,
64106634,9,
64096113,10,
64099261,2,
64099262,2,
64099273,1,
64106643,1,
64106644,1,
64099292,9,
64106709,1,
64106727,10,
64070498,9,
64075945,1,
64075946,1,
64070519,6,
64070520,1,
64070555,10,
64070568,10,
64070604,1,
64076912,9,
64080042,9,
64080061,10,
64073769,1,
64076967,1,
64076971,1,
64080094,9,
64080111,1,
64073812,1,
64073813,1,
64073822,1,
64077004,1,
64077005,1,
64077007,1,
64077008,1,
64082190,10,
64082207,10,
64082208,10,
64082209,10,
64082210,10,
63902542,1,
63902576,1,
63902581,1,
63902595,1,
63902603,1,
63902611,10,
63902620,1,
63905750,1,
63902635,1,
63902671,1,
63902684,1,
63903590,1,
63903627,1,
63903628,1,
63900488,1,
63903711,1,
63903716,1,
63903728,1,
63903729,1,
63903734,1,
63903738,1,
63903740,1,
63903748,1,
63905793,1,
63905820,1,
63903754,1,
63901438,1,
63901474,10,
63904666,2,
63904686,6,
63901560,1,
63904711,9,
63904733,1,
63901603,1,
63904746,6,
63904762,1,
63904770,9,
63904792,9,
63904821,1,
63904837,10,
64080165,1,
64080166,1,
64080169,9,
64080202,10,
64080203,10,
64080204,10,
64080205,10,
64071556,10,
64071569,9,
64071589,10,
64071590,10,
64071591,10,
64074751,10,
64077926,9,
64077948,1,
64071656,9,
64071662,10,
64071666,1,
64074782,9,
64077984,1,
64081103,9,
64081115,10,
64081118,1,
64071699,6,
64074832,9,
64074851,9,
64074857,1,
64081168,1,
64081169,1,
64081186,9,
64078056,1,
64081201,10,
64081229,9,
64081251,9,
64072620,10,
64072625,1,
64072626,1,
64072634,6,
64075790,1,
64075791,1,
64078965,9,
64072679,6,
64072691,9,
64075836,1,
64075854,9,
64075871,1,
64079044,10,
64079057,10,
64079058,10,
64079059,9,
64079067,1,
64079068,1,
64075900,10,
64093982,6,
64093993,1,
64093999,1,
64082243,1,
64085384,1,
64085401,10,
64082273,10,
64082312,9,
64088544,1,
64088550,9,
64091733,4,
64091734,4,
64091735,4,
64085460,1,
64085461,9,
64085466,1,
64085467,1,
64085468,10,
64085473,9,
64088645,1,
64088676,1,
64083238,9,
64083253,6,
64083254,9,
64089634,9,
64092783,1,
64083371,1,
64086491,10,
64089674,1,
64089675,1,
64089710,1,
64092835,10,
64086531,1,
64086537,1,
64086543,9,
64086544,9,
64086545,9,
64089732,10,
64092882,10,
64092887,2,
64092889,1,
64092890,1,
64092894,9,
64092929,1,
64092932,9,
64092945,10,
64087486,6,
64090677,9,
64084389,9,
64087531,10,
64087532,10,
64093841,1,
64093853,9,
64087587,9,
64087607,6,
64090743,1,
64090773,1,
64090776,1,
64090793,1,
64093934,1,
64093939,9,
64093945,9,
64085348,1,
64064148,10,
64064162,10,
64064167,9,
64064174,9,
64067321,9,
64061037,10,
64061038,10,
64067345,9,
64067408,1,
64067410,6,
64067419,6,
64058759,1,
64058779,1,
64058788,9,
64067453,9,
64067460,10,
64058792,9,
64058825,1,
64058835,1,
64058882,1,
64061993,1,
64062007,1,
64065191,10,
64065212,9,
64069416,9,
64069427,9,
64069428,9,
64069431,9,
64062090,1,
64065306,1,
64065308,10,
64065309,10,
64065310,10,
64065311,10,
64065315,10,
64068412,9,
64068435,1,
64068440,9,
64068456,1,
64069473,9,
64062143,10,
64065326,10,
64059846,6,
64059847,9,
64059870,10,
64002476,1,
64002509,9,
64002510,9,
63997252,1,
64059873,1,
64059874,1,
64068511,1,
64059916,10,
64059929,5,
64063080,10,
64063092,9,
64063093,9,
64063094,9,
64059974,9,
64063113,1,
64066308,1,
64066321,1,
64066334,10,
64066347,10,
64057686,1,
64057747,9,
64060916,9,
64057759,1,
64057781,9,
64060920,6,
64060923,1,
64060924,1,
64060942,6,
64060949,1,
64060952,10,
64057829,9,
64057834,10,
64060970,6,
64060978,6,
64060990,9,
64060997,1,
64061003,9,
64061004,9,
64064101,10,
64064120,1,
64151755,1,
64151759,1,
64154879,9,
64154903,6,
64154912,2,
64149577,1,
64154952,1,
64149613,9,
64149614,9,
64152649,1,
64152651,1,
64152652,9,
64156946,6,
64147364,1,
64147365,1,
64147366,1,
64147371,1,
64147377,6,
64149657,9,
64152674,6,
64152675,9,
64155845,9,
64155846,9,
64147397,1,
64147398,6,
64147418,6,
64152725,9,
64152737,1,
64152739,1,
64155866,1,
64155868,1,
64155885,1,
64155886,1,
64155898,5,
64155899,5,
64155900,5,
64155901,5,
64155903,1,
64147442,9,
64152791,1,
64152804,9,
64152806,9,
64155907,6,
64155938,2,
64150566,9,
64150570,1,
64152815,1,
64152821,1,
64155958,1,
64155963,1,
64155987,10,
64155999,6,
64156001,1,
64156987,1,
64157002,1,
64157003,10,
64157009,1,
64150620,9,
64156014,1,
64157035,10,
64157037,10,
64157040,1,
64157041,1,
64157048,10,
64157049,10,
64157057,10,
64157065,6,
64157071,10,
64145290,10,
64150643,1,
64153722,1,
64153739,6,
64153742,10,
64145291,10,
64145301,2,
64145302,1,
64145336,9,
64145337,6,
64150696,1,
64150697,6,
64150698,1,
64150701,1,
64150706,1,
64150716,1,
64150721,1,
64153748,10,
64153781,6,
64153791,6,
64145366,1,
64145375,1,
64145382,6,
64148490,9,
64153796,6,
64153801,1,
64153802,1,
64153804,5,
64153833,10,
64145389,1,
64145413,1,
64002560,9,
64002575,9,
64005681,6,
64006728,1,
64006760,1,
64006764,9,
64006773,10,
63997264,10,
64002585,1,
64002593,1,
64002623,1,
64005714,9,
64000363,9,
64000382,1,
63995098,1,
63998220,10,
63998241,9,
63998277,1,
64000486,1,
64000488,10,
64000489,10,
64000490,10,
64000499,10,
64003571,1,
64003572,1,
64003601,6,
63998301,10,
63998327,1,
63998346,6,
64006774,1,
64006792,9,
64001399,6,
64006832,1,
64006842,1,
63996111,10,
63996179,9,
64001463,1,
64001468,1,
64001469,1,
64001470,1,
64001471,1,
63996180,9,
63999320,9,
64001514,1,
64001518,1,
64148522,1,
64148566,2,
64153843,10,
64153862,6,
64153866,6,
64153877,1,
64148584,1,
64146306,1,
64151598,10,
64151600,10,
64151635,1,
64146323,9,
64146332,1,
64146336,10,
64146359,1,
64151652,1,
64151661,1,
64151688,10,
64151689,10,
64154790,1,
64146387,9,
64146388,9,
64146404,6,
64149515,9,
64149523,6,
64149530,6,
64149531,1,
64154827,6,
64156910,1,
64156924,10,
64146432,6,
64129185,6,
64126078,1,
64126101,1,
64129306,6,
64120642,1,
64120679,10,
64120709,1,
64123837,6,
64123851,1,
64123863,6,
64123881,6,
64123905,9,
64123914,1,
64123915,9,
64123937,1,
64123940,10,
64123941,10,
64127120,1,
64127121,1,
64121723,1,
64121735,1,
64124874,10,
64121788,1,
64124963,1,
64124964,1,
64124987,1,
64124990,1,
64124994,9,
64128161,10,
64128162,10,
64124995,9,
63996233,1,
63996237,10,
63996265,1,
64001564,10,
64004732,1,
64006715,9,
64006717,10,
64006724,6,
63923215,1,
63929622,9,
63929629,9,
63929642,2,
63923246,1,
63923255,6,
63923260,1,
63926510,1,
63920914,10,
63920940,1,
63929707,1,
63931766,1,
63924183,9,
63921019,1,
63921020,1,
63924208,6,
63921075,1,
63924279,6,
63927490,6,
63927494,6,
63924292,9,
63927553,10,
63927554,10,
63927573,1,
63927574,1,
63927575,6,
63927579,1,
63927594,1,
63927601,1,
63927608,1,
63922005,1,
63922014,1,
63922017,1,
63922018,2,
63922019,2,
63922025,1,
63922037,9,
63922038,9,
63927617,1,
63927625,1,
63930795,1,
63930824,1,
63922046,1,
63922072,1,
63922089,9,
63922128,1,
63922129,2,
63925293,9,
63928529,6,
63928557,9,
63928565,1,
63928578,1,
63928584,1,
63928587,9,
63928593,2,
63928597,1,
63928601,9,
63919808,9,
63919809,9,
63919829,1,
63925385,6,
63925399,2,
63925414,6,
63925431,9,
63928620,2,
63919861,2,
63919876,6,
63919891,1,
63919892,9,
63928668,1,
63928669,1,
63928701,1,
63919895,9,
63919899,1,
63919905,9,
63919906,1,
64128254,9,
64122767,1,
64122771,1,
64122797,1,
64125948,1,
64122856,1,
64125989,1,
64126017,1,
64126019,1,
64126025,9,
64144203,9,
64144206,1,
64132440,1,
64137917,9,
64135602,1,
64135667,10,
64138834,1,
64135702,1,
64135744,6,
64142052,1,
64142080,9,
64142124,10,
64142146,1,
64142183,9,
64142194,1,
64142195,1,
64142196,1,
64142197,1,
64142216,1,
64144325,6,
64144340,10,
64133617,9,
64143110,1,
64143125,6,
64140066,1,
64143183,1,
64143260,2,
64137744,6,
64143288,6,
64134633,9,
64137770,2,
64137771,2,
64140998,9,
64134684,1,
64137821,9,
64137830,1,
63919913,4,
63919944,6,
63923117,6,
63923136,6,
63919949,1,
63919952,2,
63919959,6,
63919960,6,
63923162,10,
63943775,10,
63941465,1,
63941484,6,
63935136,9,
63935143,9,
63938304,10,
63938323,1,
63941514,9,
63938335,9,
63938336,9,
63938342,6,
63938355,9,
63941558,9,
63941577,1,
63941584,1,
63932880,1,
63941601,9,
63941602,9,
63941604,9,
63941605,9,
63932937,1,
63936072,9,
63936092,2,
63936148,9,
63939319,1,
63939328,1,
63936198,1,
63936207,9,
63942538,9,
63936217,1,
63939418,1,
63939426,6,
63939438,2,
63939455,9,
63933924,1,
63939468,6,
63942645,1,
63942673,6,
63933943,1,
63933950,1,
63933974,1,
63942712,6,
63942716,1,
63942717,1,
63942718,1,
63934017,1,
63934028,1,
63937163,1,
63937190,10,
63937230,2,
63937231,2,
63937232,2,
63940403,9,
63940404,1,
63940421,6,
63937242,1,
63937247,1,
63937248,1,
63937292,1,
63940527,1,
63943682,2,
63935027,1,
63943726,1,
63943727,6,
63935028,1,
63938220,1,
63914358,6,
63914370,9,
63914371,9,
63914390,4,
63914391,9,
63914393,1,
63914405,9,
63911237,1,
63914418,10,
63914419,6,
63914424,6,
63914442,6,
63914447,9,
63917606,1,
63917611,1,
64117325,9,
64117326,9,
64117328,9,
64110992,10,
64110997,1,
64114224,1,
64114242,10,
64117432,1,
64108707,1,
64119568,1,
64108781,1,
64108793,1,
64119576,10,
64108847,1,
64111974,9,
64111975,9,
64111989,6,
64111993,9,
64115187,1,
64115198,1,
64119638,10,
64108873,1,
64108874,1,
64108875,1,
64112011,10,
64112012,10,
64112050,1,
64112076,10,
64112091,1,
64112106,1,
64112109,1,
64115319,10,
64119490,10,
64119502,1,
64115338,1,
64115339,1,
64109822,1,
64109834,1,
64109835,1,
64109836,1,
64118547,1,
64118560,1,
64109839,2,
64109856,9,
64109863,6,
64109864,9,
64113048,10,
64113049,1,
64113068,1,
64116280,1,
64109939,1,
64113106,1,
64113126,1,
64113146,1,
64107659,1,
64107669,1,
64113197,1,
64116404,10,
64107709,1,
64107718,1,
64110867,1,
64110871,1,
64116426,9,
64107765,1,
64110905,1,
64107779,1,
64110946,6,
64110974,1,
64114127,1,
64202214,1,
64202230,9,
64202234,1,
64205359,11,3
64169708,10,
64169724,1,
64169729,6,
64169743,1,
64196928,8,
64202256,2,
64202263,9,
64202264,9,
64202272,1,
64202284,1,
64202285,1,
64202286,1,
64205380,1,
64196991,1,
64196992,1,
64197011,9,
64197012,9,
64197013,9,
64202327,12,5
64202344,9,
64205433,1,
64205439,6,
64205441,1,
64205460,6,
64205470,1,
64200062,6,
64200071,1,
64205490,9,
64205512,6,
64194772,1,
64194773,2,
63917645,1,
63911257,9,
63911260,6,
63911283,1,
63911290,9,
63914461,1,
63914492,1,
63914501,2,
63914502,9,
63917653,1,
63917654,1,
63917664,1,
63917674,6,
63917689,1,
63917694,1,
63918857,9,
63917717,2,
63917718,2,
63917731,9,
63917736,1,
63917746,9,
63917760,9,
63909031,9,
63909040,9,
63909042,6,
63909045,1,
63909047,2,
63909066,1,
63912188,6,
63912197,1,
63912201,1,
63912221,6,
63912222,9,
63912223,9,
63915428,6,
63915429,9,
63915431,1,
63915432,1,
63915444,1,
63915451,9,
63909095,6,
63909104,6,
63909117,2,
63912241,1,
63912267,1,
63912277,9,
63912283,4,
63915460,9,
63915469,1,
63915470,1,
63915486,1,
63915487,1,
63915497,6,
63915499,2,
63912294,6,
63912300,1,
63912322,6,
63912324,1,
63912334,9,
63915503,1,
63915511,6,
63915516,1,
63915522,6,
63912359,1,
63915557,1,
63915558,1,
63915574,10,
63915577,1,
63915585,10,
63906885,9,
63910068,2,
63910082,1,
63910085,6,
63910086,6,
63910090,1,
63910096,2,
63910101,6,
63913249,6,
63913253,10,
63913258,6,
63906977,1,
63910155,6,
63910164,6,
63910167,1,
63913303,9,
63913309,10,
63913311,1,
63916542,1,
63916543,10,
63910192,1,
63910215,6,
63913324,9,
63916557,4,
63913372,6,
63913406,1,
63916605,1,
63916645,6,
63918716,1,
63918723,1,
63918724,1,
63918725,1,
63918732,2,
63907890,9,
63913423,9,
63913431,10,
63913434,4,
63916668,1,
63916685,6,
63916687,1,
63916688,9,
63916698,1,
63916699,10,
63916703,1,
63918748,1,
63918755,6,
63918767,1,
63918768,6,
63918781,6,
63918794,1,
63911109,9,
63911117,6,
63911124,2,
63911125,1,
63911128,9,
63914351,1,
63918814,9,
63918819,6,
63918821,10,
63918822,10,
63908013,1,
63911165,2,
63911180,2,
63911187,6,
63976940,10,
63976947,9,
63970836,9,
63973987,1,
63973991,6,
63974018,9,
63977008,6,
63977010,9,
63977012,9,
63977017,10,
64200109,1,
64200131,1,
64194777,6,
64194792,10,
64194793,6,
64194804,1,
64194805,6,
64194824,6,
64203239,1,
64203252,2,
64203253,2,
64203269,1,
64194832,6,
64194858,1,
64194859,1,
64194871,10,
64194872,1,
64200204,9,
64203281,1,
64203315,1,
64203321,1,
64194891,1,
64198025,9,
64203344,9,
64203350,10,
64203355,1,
64203368,1,
64198051,9,
64198066,2,
64198069,1,
64198070,1,
64198085,1,
64203383,1,
64203404,6,
64201121,1,
64201122,1,
64201167,1,
64195849,9,
64195882,6,
64201218,1,
64201221,1,
64204332,6,
64204342,1,
64195900,9,
64195903,2,
64195919,9,
64195925,1,
64201238,1,
64201248,1,
64201276,1,
64204360,1,
64204365,1,
64206412,9,
64206413,9,
64206427,9,
64206429,1,
64206430,1,
64195986,9,
64199082,1,
64201290,3,
64201291,3,
64201294,1,
64206463,1,
64199137,2,
64199159,1,
64199179,1,
64206517,9,
64206522,1,
64206523,1,
64206547,1,
64202198,1,
64196871,8,
64196879,1,
64196884,1,
64196890,1,
64196902,1,
64179110,1,
64179113,1,
64179116,6,
64179126,9,
64172859,9,
64172860,1,
64172861,3,
64172870,6,
64175974,10,
64175975,10,
64175987,6,
64175998,1,
64176006,1,
64176009,9,
64176013,1,
64179132,10,
64179137,9,
64179146,6,
64179147,1,
64179150,1,
64179155,9,
64170625,10,
64170635,1,
64170646,1,
64170654,1,
64170662,9,
64170663,9,
64176926,1,
64170718,9,
64170720,10,
64170721,10,
64173788,6,
64173820,9,
65160069,1,
65160091,6,
65160110,1,
65163211,1,
65166336,10,
65166347,1,
65166371,10,
65160143,1,
65160159,1,
65160160,1,
65160162,1,
65160164,10,
65163224,10,
65163229,2,
65163234,9,
65163240,10,
65163248,10,
65163257,10,
65168452,10,
65160188,1,
65160211,9,
65163278,9,
65163287,10,
65166467,10,
65168491,10,
65168494,10,
65168506,10,
65168515,2,
65163324,9,
65163351,10,
65163358,1,
65255519,1,
65255536,1,
65244669,1,
65244680,6,
65244698,1,
65244702,9,
65244703,2,
65244719,9,
65247888,1,
65247899,1,
65250069,1,
65250072,1,
65250110,1,
65250111,1,
65253235,1,
65244759,6,
65244764,6,
65244777,1,
65247934,6,
65250134,1,
65250156,1,
65250157,1,
65250160,1,
65253307,1,
65253309,1,
65247952,6,
65247965,9,
65247978,1,
65247991,1,
65253316,1,
65253331,1,
65253332,1,
65253335,1,
65253359,1,
65248009,1,
65248012,1,
65248013,1,
65248030,1,
65248033,1,
65248044,1,
65253366,1,
65253405,1,
65245741,9,
65245767,6,
65251143,10,
65245813,9,
65245834,1,
65248952,1,
65251197,1,
65251198,1,
65251202,1,
65251208,1,
65251211,1,
65251218,1,
65251232,1,
65254363,1,
65254371,1,
65245896,6,
65249027,1,
65251248,1,
65254412,6,
65254431,1,
65431984,1,
65431987,1,
65431989,1,
65420082,9,
65420085,1,
65420090,9,
65420092,6,
65423275,9,
65423278,1,
65423286,1,
65423288,1,
65423290,1,
65423296,1,
65420136,1,
65423307,1,
65423308,2,
65423315,1,
65423318,9,
65423320,1,
65423321,2,
65423322,1,
65423330,9,
65423332,1,
65423347,1,
65426472,1,
65426477,1,
65426510,2,
65429706,10,
65429708,10,
65429711,10,
65423355,1,
65423359,1,
65423360,10,
65423368,1,
65426560,1,
65429723,10,
65429738,10,
65429742,9,
65429763,10,
65429770,6,
65423405,1,
65426600,1,
65429799,9,
65429800,6,
65429803,1,
65429812,10,
65429848,9,
65429854,1,
65421143,9,
65424305,10,
65424315,1,
65424339,1,
65421180,1,
65424347,1,
65427580,1,
65427586,1,
65427589,10,
65421227,1,
65421228,1,
65421237,1,
65424425,9,
65424429,1,
65427637,1,
65427650,9,
65430765,1,
65430766,1,
65430771,6,
65430774,1,
65430781,1,
65430784,10,
65430785,1,
65430791,1,
65430793,1,
65424455,9,
65427653,1,
65427654,1,
65427682,2,
65427683,2,
65427684,1,
65430829,10,
65430830,1,
65430836,10,
65430877,1,
65430879,1,
65422160,10,
65422204,1,
65430918,1,
65430928,1,
65430931,1,
65428605,6,
65428628,1,
65425446,10,
65425465,1,
65428650,1,
65428680,1,
65431845,1,
65425498,10,
65428691,1,
65428708,1,
65428723,1,
65428734,1,
65425538,1,
65428751,1,
65428762,6,
65428772,10,
65428784,10,
65431899,6,
65431921,1,
65443851,1,
65443854,1,
65435124,1,
65435188,10,
65435189,1,
65435205,1,
65435211,1,
65438344,2,
65438355,2,
65438368,1,
65441593,1,
65441594,9,
65441595,6,
65435253,2,
65435255,1,
65435256,9,
65435258,1,
65438397,1,
65438398,10,
65438408,6,
65438410,6,
65438414,1,
65438423,1,
65438428,1,
65441630,1,
65441638,1,
65441649,1,
65254456,6,
65249088,1,
65249097,6,
65249098,1,
65252161,10,
65246845,1,
65246847,1,
65246862,1,
65246863,1,
65252200,1,
65252212,1,
65246872,1,
65246910,1,
65252238,1,
65252239,1,
65252243,1,
65252252,1,
65252258,1,
65255402,1,
65246950,6,
65252279,10,
65252315,1,
65252322,10,
65246974,1,
65246978,10,
65226734,1,
65229861,1,
65226787,1,
65226830,1,
65226843,1,
65229973,1,
65229992,1,
65221411,1,
65221412,1,
65227751,1,
65224612,9,
65221498,1,
65227833,1,
65227844,1,
65227869,1,
65227881,1,
65227886,1,
65227908,1,
65222451,1,
65432926,10,
65435267,6,
65438440,10,
65438456,1,
65438469,1,
65441654,9,
65432961,1,
65432963,1,
65432966,1,
65438483,1,
65438489,1,
65441708,10,
65432989,9,
65432995,1,
65433012,1,
65433021,1,
65436175,6,
65436176,1,
65436185,1,
65436199,10,
65441755,6,
65441758,1,
65441760,6,
65441767,2,
65433063,1,
65433078,2,
65433079,2,
65436201,1,
65436205,1,
65436229,6,
65436243,1,
65433093,1,
65433097,1,
65433098,1,
65433104,1,
65436255,10,
65436269,1,
65436288,10,
65436297,9,
65436302,10,
65439423,1,
65439424,2,
65439426,10,
65439446,1,
65439452,1,
65439464,1,
65442670,10,
65442672,1,
65442673,1,
65442693,9,
65436329,10,
65436342,1,
65439474,1,
65439490,1,
65439503,6,
65439505,1,
65439521,1,
65439522,1,
65442701,1,
65442731,1,
65434003,2,
65434017,9,
65439537,1,
65439552,10,
65439559,2,
65442771,1,
65442772,1,
65442773,1,
65434034,1,
65434035,10,
65439583,1,
65439585,1,
65442797,1,
65442798,1,
65442806,1,
65434079,10,
65434088,1,
65434095,1,
65434106,1,
65437269,1,
65437271,1,
65437272,2,
65434134,6,
65434135,6,
65434138,1,
65434144,1,
65434153,9,
65434158,9,
65437325,1,
65440517,1,
65440524,6,
65440532,1,
65440545,1,
65437344,1,
65437345,1,
65437346,2,
65437351,6,
65437353,1,
65437363,1,
65437373,1,
65437384,1,
65440572,1,
65440573,1,
65440574,1,
65440580,10,
65440589,1,
65440591,9,
65440600,1,
65440606,2,
65443763,1,
65443765,1,
65443773,1,
65443781,1,
65443786,1,
65437401,9,
65437413,1,
65437417,1,
65437422,1,
65437437,2,
65437439,1,
65437440,1,
65440612,1,
65440632,1,
65440652,1,
65440657,2,
65440662,1,
65443791,1,
65416871,8,
65416872,8,
65408174,1,
65411338,9,
65411355,1,
65411356,1,
65408204,10,
65411379,1,
65411417,6,
65411418,1,
65411441,1,
65417823,1,
65417832,1,
65417876,9,
65417893,1,
65417895,1,
65417915,1,
65417918,2,
65419978,1,
65419984,6,
65419986,9,
65420026,9,
65096084,1,
65098384,1,
65096095,10,
65096096,1,
65101521,10,
65101529,10,
65101531,10,
65105871,1,
65105882,1,
65105895,1,
65105906,1,
65096145,1,
65096173,1,
65101590,10,
65101595,9,
65101602,6,
65101605,6,
65104806,1,
65093874,6,
65219376,1,
65222524,10,
65222551,1,
65228853,1,
65230914,1,
65222596,1,
65225706,1,
65225739,1,
65225759,9,
65220329,9,
65220330,9,
65223494,1,
65226669,1,
65231053,1,
65231059,1,
65220381,1,
65220382,1,
65220409,1,
65223531,1,
65229851,1,
65220459,1,
65223558,1,
65238467,1,
65238468,1,
65238469,1,
65241566,1,
65241592,1,
65241593,2,
65241594,9,
65241619,1,
65241628,2,
65241636,1,
65233070,1,
65233071,1,
65243624,1,
65243631,10,
65243658,1,
65243669,1,
65243670,1,
65239377,1,
65239378,1,
65239379,1,
65239380,1,
65239381,1,
65239382,1,
65239385,1,
65239388,1,
65239393,1,
65239394,1,
65239398,1,
65239399,1,
65239400,1,
65239402,1,
65239403,1,
65239408,1,
65243776,1,
65233156,1,
65233180,1,
65233181,6,
65233183,9,
65236275,9,
65236284,9,
65236285,9,
65236286,9,
65236294,1,
65239420,9,
65242544,1,
65242555,1,
65242561,1,
65242563,1,
65233189,1,
65239504,1,
65239510,1,
65239512,1,
65239513,1,
65239514,1,
65417958,1,
65417985,9,
65409242,1,
65409243,1,
65409251,9,
65412442,1,
65412460,1,
65412465,9,
65415671,9,
65415677,1,
65409290,1,
65409316,10,
65412507,1,
65415708,1,
65418909,9,
65418925,1,
65415796,1,
65415797,1,
65415802,1,
65418952,1,
65418953,1,
65418954,1,
65418977,1,
65410250,9,
65410251,9,
65418992,1,
65419066,9,
65419080,9,
65416736,2,
65416741,1,
65416781,9,
65416782,9,
65416783,9,
65416804,6,
65099329,1,
65104874,1,
65104876,2,
65093919,1,
65093926,10,
65093947,1,
65099396,10,
65104911,6,
65104918,6,
65104922,9,
65104923,9,
65105943,1,
65105944,1,
65105950,1,
65105965,1,
65097141,1,
65097149,9,
65097156,10,
65105993,1,
65106006,1,
65094009,10,
65094033,6,
65097214,1,
65097226,6,
65097227,1,
65097228,1,
65102597,10,
65102620,1,
65097248,6,
65097270,9,
65097271,9,
65102664,1,
65102673,10,
65095006,10,
65098249,1,
65098267,10,
65100492,1,
65100498,10,
65100499,10,
65100502,1,
65103654,10,
65103670,10,
65095106,10,
65098321,1,
65100534,10,
65100555,1,
65103717,10,
65103718,10,
65098335,10,
65098339,1,
65100589,10,
65105850,1,
65105869,1,
65242592,2,
65242605,6,
65242617,1,
65239521,1,
65239523,1,
65239531,1,
65242645,1,
65242674,1,
65242685,2,
65242687,1,
65243671,1,
65243708,6,
65243738,1,
65240400,1,
65234171,1,
65237284,1,
65234232,1,
65237383,1,
65237415,10,
65240543,1,
65232041,6,
65232058,10,
65235149,10,
65235153,1,
65238323,1,
65238325,9,
65232140,6,
65235234,1,
65243597,6,
65238409,1,
65238410,1,
65208676,6,
65214994,6,
65211843,1,
65215072,2,
65206401,1,
65206402,9,
65092960,1,
65090606,10,
65090608,1,
65090609,1,
65090620,1,
65211902,1,
65215080,10,
65206422,9,
65206487,1,
65212845,1,
65212866,10,
65216152,1,
65218211,1,
65212962,6,
65207580,1,
65207582,1,
65213916,1,
65213917,1,
65218335,1,
65207613,1,
65207630,10,
65207634,10,
65207645,6,
65217120,1,
65210821,1,
65210832,9,
65214046,1,
65214047,1,
65217159,1,
65217167,1,
65217185,6,
65208562,1,
65208572,1,
65208586,1,
65302778,1,
65305893,1,
65305894,1,
65305905,6,
65305930,6,
65297469,1,
65305953,9,
65300515,9,
65300518,1,
65300519,1,
65300527,6,
65295180,10,
65300538,9,
65300562,1,
65295212,1,
65298422,6,
65300585,6,
65300606,1,
65300628,1,
65303724,1,
65303726,1,
65303738,1,
65298444,10,
65298445,9,
65298455,1,
65300629,1,
65300665,9,
65090690,10,
65090710,6,
65090720,6,
65090721,9,
65090723,6,
65090740,6,
65090751,6,
65090752,9,
65088561,10,
65091735,1,
65088601,10,
65091775,1,
65091780,6,
65091789,1,
65091790,1,
65091834,2,
65091837,1,
65089525,1,
65089527,6,
65089552,10,
65089565,1,
65089601,10,
65089619,9,
65092781,1,
65092788,2,
65089660,1,
65089671,10,
65089677,6,
65089683,6,
65089686,6,
65092865,10,
65092895,10,
65303818,1,
65295320,6,
65298483,9,
65298484,9,
65298507,1,
65303819,9,
65301595,6,
65301611,1,
65301619,6,
65301640,1,
65301651,1,
65304780,1,
65304781,1,
65296357,1,
65296364,1,
65296365,1,
65296375,9,
65299463,6,
65301728,6,
65304858,9,
65299543,6,
65299545,1,
65304903,10,
65304940,1,
65304946,1,
65299592,6,
65299596,1,
65304951,10,
65302650,1,
65302686,6,
65302693,1,
65302699,1,
65302729,2,
65297394,1,
65276942,1,
65280169,9,
65280205,1,
65271442,6,
65274680,1,
65271523,1,
65271524,1,
65271561,10,
65274714,17,
65277953,9,
65277972,1,
65274759,1,
65274776,1,
65277995,1,
65278024,2,
65278030,1,
65278057,1,
65269354,1,
65272564,10,
65272571,9,
65275785,1,
65272630,1,
65272673,9,
65275921,9,
65279136,1,
65279155,9,
65270382,9,
65270415,1,
65270423,1,
65270426,1,
65270427,10,
65273592,1,
65279193,1,
65270448,1,
65270449,1,
65270452,1,
65273610,1,
65273621,1,
65273625,1,
65273630,1,
65273648,6,
65273666,10,
65273667,10,
65276909,1,
65276910,1,
65273703,1,
65273729,1,
65273732,10,
65273750,1,
65288807,10,
65288810,1,
65288841,1,
65288842,1,
65288852,9,
65291961,1,
65285669,1,
65288861,2,
65288864,9,
65288865,9,
65288868,1,
65288873,1,
65288893,1,
65292021,10,
65283372,6,
65283373,6,
65283374,6,
65283379,1,
65292084,1,
65292088,6,
65283405,1,
65283422,1,
65286587,1,
65283452,6,
65283453,6,
65283477,6,
65286605,9,
65286614,9,
65289827,9,
65286656,2,
65286662,9,
65286666,9,
65286690,9,
65286700,9,
65286707,9,
65286746,9,
65289932,1,
65286766,1,
65293125,1,
65293126,8,
65293131,1,
65294120,1,
65294148,1,
65284443,1,
65284462,1,
65284521,6,
65287665,2,
65287666,2,
65290862,1,
65284554,10,
65287677,2,
65287679,1,
65287686,9,
65287687,10,
65287691,1,
65287692,1,
65287705,2,
65287709,9,
65287710,9,
65287711,10,
65287713,9,
65287716,2,
65290894,1,
65284595,1,
65284620,1,
65287729,1,
65287738,9,
65287739,9,
65287743,9,
65287753,1,
65287758,9,
65287759,9,
65287760,9,
65287770,9,
65287773,1,
65154795,9,
65154826,9,
65118908,6,
65151738,6,
65151739,6,
65151745,1,
65154852,6,
65154853,1,
65154883,10,
65154884,10,
65151789,6,
65151803,9,
65151807,9,
65151817,1,
65151832,9,
65151837,9,
65152614,9,
65152626,1,
65151852,10,
65151861,1,
65151870,6,
65152660,1,
65146572,1,
65146573,1,
65149604,9,
65149622,1,
65152702,9,
65152709,6,
65149671,1,
65152751,9,
65152764,1,
65144345,1,
65149738,2,
65144366,10,
65144409,1,
65144445,1,
65153687,1,
65153729,1,
65290931,1,
65287776,9,
65287793,1,
65287795,9,
65287808,2,
65287812,1,
65287816,1,
65290966,1,
65285551,6,
65282444,1,
65282448,1,
65285568,1,
65288724,2,
65288733,1,
65288746,10,
65288750,9,
65288778,9,
65288796,9,
65268176,1,
65268178,1,
65268184,2,
65268200,1,
65261823,1,
65261837,1,
65268205,2,
65268220,1,
65268221,1,
65268223,1,
65268231,1,
65259505,1,
65259520,6,
65259541,2,
65259547,1,
65259558,1,
65259559,1,
65259586,1,
65259600,1,
65266007,10,
65259665,1,
65262831,6,
65266035,10,
65256542,1,
65256551,10,
65256560,6,
65256565,9,
65256570,1,
65256571,10,
65262840,1,
65262852,1,
65262883,9,
65262890,10,
65256609,1,
65262925,1,
65266157,1,
65256645,1,
65260581,1,
65260585,9,
65260607,9,
65268328,10,
65260670,9,
65257581,9,
65263959,1,
65267114,1,
65267148,1,
65267166,1,
65267175,1,
65267182,2,
65267195,2,
65153808,1,
65153844,1,
65145383,1,
65145408,1,
65145421,1,
65150725,6,
65150736,1,
65150749,1,
65150764,1,
65150769,1,
65145440,1,
65145441,1,
65148570,10,
65148576,1,
65150793,6,
65150794,1,
65150803,9,
65150804,9,
65150805,9,
65148635,6,
65150836,1,
65128383,9,
65118917,1,
65125196,10,
65125202,1,
65125204,1,
65125205,1,
65118966,10,
65118973,10,
65118988,10,
65122912,10,
65122918,10,
65122919,10,
65122952,2,
65122953,2,
65126114,1,
65126115,1,
65126116,1,
65126117,1,
65126125,10,
65126144,1,
65126169,10,
65126181,10,
65129343,1,
65129364,2,
65129365,2,
65119935,2,
65119942,1,
65119943,1,
65123064,1,
65129406,1,
65131464,1,
65119960,10,
65119961,10,
65123076,10,
65120011,10,
65120020,10,
65120021,10,
65120816,1,
65129473,2,
65120057,1,
65120088,10,
65120839,10,
65120840,10,
65120852,2,
65123979,1,
65123986,10,
65120888,10,
65124017,10,
65257693,2,
65258450,1,
65258477,1,
65267214,2,
65267227,1,
65267232,1,
65267235,1,
65267236,1,
65257726,1,
65258490,1,
65258530,1,
65261690,1,
65267262,1,
65258554,1,
65261697,1,
65261721,1,
65261722,1,
65258589,1,
65261762,1,
65261764,2,
65355464,9,
65350018,1,
65355509,9,
65344631,9,
65347777,1,
65347778,1,
65347779,1,
65350039,1,
65350051,6,
65347794,9,
65347803,6,
65347814,10,
65347815,1,
65347825,6,
65347832,8,
65350073,1,
65353223,1,
65347840,1,
65347849,1,
65353242,1,
65353269,1,
65353273,9,
65347897,10,
65353337,9,
65353338,9,
65353339,9,
65345599,1,
65345607,1,
65351045,1,
65345683,9,
65345690,10,
65345711,1,
65348864,1,
65354268,1,
65348913,1,
65351147,1,
65351153,1,
65345773,1,
65348940,1,
65354375,9,
65356413,1,
65348986,6,
65354420,1,
65346675,1,
65346687,9,
65346690,1,
65346691,1,
65356541,10,
65356555,6,
65346709,1,
65346714,10,
65346742,1,
65352105,9,
65352130,1,
65352140,1,
65352141,9,
65352142,9,
65346797,9,
65355355,6,
65352201,1,
65352239,1,
65355377,1,
65329570,9,
65324050,6,
65324056,10,
65324057,1,
65324066,1,
65324079,6,
65324093,1,
65320942,10,
65324101,6,
65324117,6,
65324126,1,
65324135,1,
65327312,1,
65327325,6,
65327338,1,
65327342,9,
65330506,2,
65331646,1,
65331655,2,
65331675,1,
65331685,9,
65331686,2,
65331687,2,
65320994,9,
65327359,6,
65327365,6,
65327369,1,
65327370,1,
65327389,1,
65327392,1,
65120934,10,
65120939,1,
65120943,10,
65120949,10,
65120950,10,
65120965,10,
65124046,10,
65127260,1,
65127282,1,
65127297,1,
65130447,1,
65124099,10,
65124100,10,
65124105,2,
65124112,10,
65124113,10,
65124116,10,
65124118,1,
65124125,10,
65124129,10,
65130455,10,
65130497,9,
65130525,1,
65121875,1,
65121888,10,
65121894,10,
65130549,6,
65121923,10,
65121924,10,
65121929,2,
65121938,10,
65121939,10,
65121943,10,
65121946,1,
65125072,10,
65121957,10,
65121966,10,
65125089,10,
65125111,10,
65128322,1,
65122006,10,
65125137,9,
65140158,1,
65140159,1,
65131500,10,
65131550,10,
65131566,1,
65137987,1,
65138012,2,
65138013,2,
65132531,9,
65132534,1,
65132545,1,
65132602,10,
65330521,9,
65330522,1,
65330523,1,
65330524,1,
65330545,1,
65327406,1,
65327424,9,
65327434,1,
65327435,10,
65327439,1,
65327446,2,
65327447,2,
65330562,2,
65330563,9,
65330596,9,
65330620,9,
65330621,9,
65330625,9,
65330662,9,
65331735,6,
65321991,1,
65328347,1,
65328350,10,
65328360,1,
65328370,1,
65328380,1,
65331743,9,
65331745,6,
65322048,1,
65322050,6,
65322065,2,
65325209,10,
65328428,1,
65322084,1,
65325274,1,
65325275,1,
65328449,6,
65328464,1,
65328471,1,
65328477,1,
65319780,9,
65319781,9,
65328486,1,
65328487,1,
65328492,1,
65328493,1,
65328497,1,
65328507,1,
65323011,1,
65323023,10,
65323032,1,
65323042,2,
65323051,1,
65326198,1,
65326210,6,
65319912,1,
65323092,6,
65323096,1,
65323097,1,
65323099,1,
65323103,1,
65323105,10,
65329426,2,
65329447,10,
65329459,2,
65323135,1,
65323139,9,
65323148,6,
65323150,1,
65329487,1,
65331574,1,
65331575,10,
65326326,6,
65326327,9,
65326328,1,
65326334,1,
65326339,1,
65326340,1,
65326344,10,
65326346,2,
65326347,2,
65326351,6,
65329551,1,
65329552,1,
65329568,2,
65331591,6,
65331596,6,
65331626,9,
65331635,1,
65320871,9,
65320872,9,
65341417,1,
65341440,6,
65341447,1,
65332763,2,
65335889,1,
65339119,1,
65339122,6,
65339124,1,
65339126,6,
65339139,1,
65339142,6,
65332779,2,
65332785,6,
65332786,6,
65332792,6,
65332793,6,
65332808,1,
65332816,1,
65332817,1,
65332826,10,
65332827,10,
65339154,6,
65339156,6,
65339157,1,
65339158,1,
65339159,1,
65339167,6,
65332828,1,
65332829,1,
65335999,6,
65339196,1,
65339203,6,
65339222,10,
65339241,1,
65342379,6,
65342393,1,
65342397,6,
65342399,6,
65342404,1,
65342408,6,
65336037,1,
65336053,6,
65135790,1,
65135812,1,
65135894,1,
65142237,1,
65142238,1,
65142239,1,
65135939,2,
65135940,2,
65142285,6,
65133719,2,
65133769,9,
65133775,9,
65106980,1,
65106981,1,
65106986,1,
65106997,1,
65107005,1,
65110173,1,
65115747,2,
65115760,10,
65115762,1,
65107017,1,
65107034,1,
65110192,1,
65110197,1,
65110218,1,
65113421,1,
65113422,1,
65113423,1,
65107079,9,
65110269,2,
65113474,1,
65113477,9,
65113478,9,
65113483,1,
65113511,1,
65113513,9,
65113516,1,
65113520,1,
65113527,1,
65113529,1,
65113530,9,
65113537,1,
65113538,1,
65113539,1,
65339244,1,
65339260,10,
65339279,6,
65339280,6,
65342439,1,
65342447,1,
65342451,1,
65344535,1,
65333734,10,
65333744,6,
65342461,1,
65342505,1,
65344551,10,
65333769,2,
65342517,1,
65333826,10,
65333862,9,
65340194,1,
65333874,6,
65337015,1,
65337016,1,
65337020,6,
65337029,1,
65337030,1,
65337042,1,
65337047,1,
65337054,1,
65340240,6,
65340242,10,
65340244,1,
65340245,1,
65340251,1,
65340257,1,
65337073,1,
65337086,10,
65337087,10,
65337092,1,
65340280,6,
65340283,1,
65340321,10,
65343464,1,
65343467,9,
65343476,1,
65337115,1,
65340331,1,
65340344,1,
65340347,1,
65340348,1,
65340352,1,
65340375,1,
65340376,1,
65340378,6,
65334798,6,
65334815,2,
65334831,1,
65334832,9,
65334862,6,
65338051,2,
65334903,6,
65334904,1,
65334910,6,
65334936,1,
65334937,1,
65338069,1,
65338071,6,
65338074,6,
65338083,6,
65338085,10,
65334959,6,
65334968,1,
65338119,1,
65338134,1,
65341345,1,
65341350,1,
65332649,1,
65332672,1,
65338169,6,
65338171,6,
65338178,2,
65338195,1,
65341371,6,
65332716,6,
65338214,1,
65314560,1,
65317691,1,
65309122,1,
65309123,1,
65309124,1,
65309187,10,
65315472,1,
65309193,10,
65309216,9,
65312328,10,
65312336,1,
65312337,1,
65312366,1,
65312367,1,
65309251,9,
65312387,1,
65312423,1,
65312424,6,
65315578,1,
65315594,1,
65315611,1,
65312435,1,
65312439,9,
65116698,9,
65110341,1,
65113574,1,
65113579,1,
65113582,1,
65113585,1,
65116770,6,
65118867,2,
65108009,1,
65108018,1,
65108020,1,
65116796,9,
65116797,9,
65116831,2,
65108068,1,
65108075,1,
65108082,1,
65108083,1,
65108084,1,
65108085,1,
65108090,1,
65111271,1,
65111278,1,
65111318,9,
65114500,1,
65114520,2,
65114533,10,
65114535,1,
65108154,1,
65108155,1,
65108163,1,
65108164,1,
65108166,1,
65108177,1,
65114557,9,
65111377,9,
65111378,9,
65111405,9,
65111408,9,
65111410,1,
65111413,1,
65111419,1,
65111420,1,
65111421,1,
65111422,1,
65114597,1,
65114627,6,
65117788,9,
65114657,1,
65117834,2,
65117861,9,
65109139,1,
65109151,1,
65109152,1,
65109184,1,
65112328,1,
65112342,1,
65112359,1,
65109191,1,
65109198,1,
65109205,1,
65112360,1,
65112362,1,
65112366,1,
65112367,1,
65112368,1,
65112370,1,
65112371,1,
65112372,1,
65112376,1,
65112385,1,
65112386,1,
65112387,1,
65112397,1,
65112406,1,
65115591,1,
65115615,2,
65109242,1,
65109256,1,
65112415,1,
65112427,1,
65112437,1,
65112455,1,
65112457,1,
65112458,1,
65115675,9,
65106924,1,
65310164,10,
65307038,9,
65307039,9,
65310182,9,
65313354,10,
65316550,2,
65307110,6,
65310243,1,
65310251,9,
65310257,6,
65310263,1,
65313376,6,
65313397,1,
65313411,10,
65313412,10,
65313413,1,
65310271,6,
65310276,9,
65310286,1,
65313437,9,
65313438,9,
65308033,1,
65308034,1,
65313520,1,
65314430,1,
65314441,1,
65308155,10,
65311254,10,
65308182,1,
65308183,1,
65311313,10,
65314516,1,
65314517,9,
65314521,1,
65314539,10,
65317637,1,
65317668,9,
65311376,1,
65311377,1,
65402709,10,
65402724,10,
65397350,1,
65402770,6,
65402785,10,
65400490,9,
65402813,9,
65405949,1,
65405975,1,
65400538,1,
65400553,1,
65405999,1,
65406008,1,
65406028,1,
65406029,1,
65395157,1,
65407100,9,
65407101,9,
65407102,9,
65407103,2,
65407131,6,
65407134,1,
65395168,9,
65398361,9,
65407145,9,
65403785,6,
65403796,1,
65398446,1,
65403837,10,
65403854,9,
65112463,1,
65112472,9,
65112500,1,
65112503,1,
65112504,1,
65112505,1,
65112506,1,
65205476,10,
65194660,1,
65197851,9,
65200039,10,
65203192,10,
65203210,9,
65194713,1,
65197890,1,
65197891,1,
65197905,1,
65200086,1,
65200128,10,
65197920,10,
65197945,1,
65203265,1,
65203273,9,
65203274,8,
65203275,8,
65203276,8,
65203297,9,
65197989,10,
65203344,9,
65203358,9,
65198019,1,
65198029,1,
65198030,9,
65201080,9,
65195754,9,
65195755,9,
65195756,9,
65195767,10,
65195773,9,
65195774,9,
65201126,9,
65201144,1,
65195785,9,
65195792,1,
65195812,1,
65198946,10,
65201189,9,
65201190,9,
65201208,9,
65204299,9,
65204308,1,
65204326,1,
65204334,1,
65198992,1,
65198993,9,
65198997,1,
65201226,1,
65199000,9,
65199036,1,
65204399,9,
65204400,9,
65204401,9,
65204420,9,
65199058,10,
65199062,9,
65202123,9,
65196790,9,
65196817,9,
65202167,10,
65205308,9,
65205321,9,
65196829,1,
65196858,1,
65202187,1,
65196882,1,
65196909,9,
65196910,9,
65196913,9,
65202242,1,
65202272,9,
65205374,9,
65205385,1,
65205405,1,
65398491,10,
65398497,1,
65403889,9,
65396207,1,
65396248,6,
65401647,1,
65404860,6,
65399533,1,
65406997,1,
65376813,10,
65370494,10,
65373641,9,
65373643,1,
65376865,1,
65376878,1,
65376879,1,
65373750,1,
65380077,10,
65380078,10,
65380079,1,
65380107,10,
65382191,6,
65380192,1,
65380209,1,
65382250,1,
65371536,6,
65371544,1,
65371545,1,
65374687,1,
65374701,6,
65371565,1,
65371566,1,
65371604,6,
65374711,9,
65374713,9,
65374718,1,
65374739,1,
65374740,1,
65374741,1,
65374742,1,
65374743,9,
65374747,9,
65377901,6,
65381101,10,
65371637,1,
65374776,10,
65374798,1,
65377955,6,
65377972,9,
65374831,2,
65372535,1,
65374861,1,
65381206,6,
65381211,1,
65372547,1,
65372593,1,
65378966,4,
65378968,9,
65372684,1,
65372687,1,
65372692,6,
65196932,9,
65202295,1,
65205436,9,
65205453,1,
65205456,9,
65194613,1,
65194639,1,
65169653,1,
65172797,1,
65176706,1,
65176725,9,
65179866,1,
65179895,9,
65181056,2,
65181057,2,
65181065,1,
65181079,1,
65181095,1,
65181096,1,
65170548,2,
65170549,2,
65176835,1,
65176838,9,
65179936,1,
65170567,10,
65170584,9,
65173710,10,
65176854,1,
65170612,10,
65170630,10,
65170641,10,
65173754,2,
65173765,10,
65180028,1,
65170680,10,
65170686,10,
65170705,10,
65177774,1,
65173824,10,
65173855,1,
65173857,10,
65173858,10,
65177810,1,
65177837,1,
65177843,1,
65177870,6,
65177917,9,
65174773,9,
65174793,9,
65174796,10,
65174844,2,
65171755,10,
65174895,10,
65175647,10,
65178816,1,
65178838,9,
65174913,10,
65174914,10,
65178855,1,
65178859,1,
65178865,1,
65178868,1,
65180932,1,
65180938,1,
65180946,1,
65175738,10,
65175739,9,
65175749,10,
65175750,10,
65180967,1,
65180972,1,
65169574,1,
65175786,9,
65375791,1,
65375837,1,
65379014,9,
65372703,10,
65375869,8,
65379058,1,
65379071,1,
65379078,1,
65370411,1,
65375898,9,
65379088,1,
65379091,1,
65379114,1,
65382336,10,
65382350,1,
65382357,1,
65388670,1,
65391898,10,
65388713,9,
65388738,9,
65391924,10,
65391925,10,
65391960,1,
65383261,9,
65383262,9,
65383263,9,
65388740,1,
65388744,6,
65391981,1,
65392019,1,
65383376,9,
65386481,9,
65386492,1,
65386513,1,
65383406,9,
65383417,1,
65389768,6,
65386572,1,
65386579,9,
65386617,8,
65389784,1,
65389793,1,
65389834,5,
65178964,6,
65181002,1,
65181003,1,
65169599,1,
65172714,10,
65182144,1,
65186080,1,
65186083,2,
65186084,2,
65189238,9,
65189239,9,
65189242,2,
65189254,10,
65189256,2,
65189268,10,
65186132,1,
65186141,1,
65189295,9,
65189297,2,
65189298,2,
65189299,2,
65189300,2,
65189301,2,
65189302,2,
65189315,2,
65193609,10,
65193613,1,
65193652,10,
65183055,9,
65186157,1,
65186160,1,
65186162,1,
65186183,1,
65189324,6,
65189334,9,
65189335,1,
65189342,1,
65189343,1,
65189356,1,
65189361,2,
65189364,9,
65189365,9,
65192473,9,
65192474,9,
65192512,9,
65183064,6,
65183080,1,
65186200,1,
65186206,1,
65186211,1,
65186222,1,
65189393,10,
65189394,1,
65189395,1,
65192550,1,
65192551,1,
65192552,9,
65192553,9,
65192554,9,
65192555,9,
65192556,9,
65192557,9,
65192558,9,
65192559,9,
65192560,9,
65183110,6,
65183115,9,
65183132,6,
65183139,2,
65192593,9,
65192594,9,
65183171,6,
65183174,1,
65183181,6,
65183185,9,
65187115,8,
65187116,8,
65193699,9,
65187134,1,
65187155,1,
65187160,1,
65190320,10,
65190345,10,
65187171,6,
65187172,6,
65187183,1,
65187191,1,
65187195,1,
65190362,1,
65190373,1,
65190374,1,
65184116,1,
65184117,1,
65184123,1,
65184131,10,
65184132,10,
65187220,1,
65187223,2,
65187224,1,
65187226,1,
65187233,1,
65187243,1,
65187263,1,
65187264,1,
65190436,9,
65184166,1,
65190453,9,
65190471,10,
65184184,9,
65184232,9,
65184998,1,
65185013,10,
65184259,1,
65184267,1,
65185031,1,
65185038,1,
65188162,6,
65188167,1,
65188168,10,
65188176,10,
65181971,1,
65181973,1,
65185082,1,
65188196,1,
65188213,1,
65393028,9,
65384331,1,
65384333,1,
65393044,1,
65393063,1,
65393092,1,
65393105,1,
65394023,4,
65387680,9,
65390888,1,
65390924,9,
65390938,9,
65394086,9,
65394091,9,
65394092,9,
65385408,6,
65385417,1,
65385418,9,
65358590,1,
65358632,1,
65361816,1,
65361836,1,
65365021,1,
65369334,1,
65358689,9,
65358701,6,
65358705,6,
65361861,1,
65365074,9,
65368243,1,
65365129,1,
65368296,1,
65365150,9,
65365170,9,
65368327,9,
65369388,6,
65359686,1,
65362868,1,
65362871,1,
65369463,1,
65359723,10,
65359742,1,
65359778,1,
65362961,1,
65362962,2,
65362963,1,
65362964,1,
65366146,5,
65188221,2,
65188227,2,
65188228,2,
65188229,2,
65188232,1,
65188233,1,
65188234,1,
65188235,1,
65191419,10,
65181984,1,
65181985,1,
65181986,1,
65182013,2,
65185135,1,
65185159,1,
65188240,6,
65188244,2,
65188246,1,
65188265,1,
65188277,1,
65188278,1,
65188280,1,
65191443,1,
65191444,9,
65191471,1,
65191485,1,
65182054,6,
65188296,1,
65188297,1,
65188328,9,
65188330,2,
65191493,9,
65191496,9,
65191497,9,
65193595,9,
65182115,9,
65166490,1,
65166515,1,
65161098,1,
65164246,10,
65164248,1,
65164279,9,
65164280,9,
65164290,10,
65161145,1,
65164308,10,
65164321,9,
65167425,10,
65161190,10,
65161208,10,
65161226,9,
65161229,9,
65161230,1,
65164354,10,
65164365,10,
65164377,9,
65164378,9,
65167464,2,
65167471,1,
65167472,9,
65167481,10,
65161246,10,
65161249,1,
65161252,9,
65161257,1,
65161265,10,
65164399,10,
65164404,9,
65167512,9,
65167554,10,
65168610,10,
65159031,6,
65162152,10,
65159059,1,
65159079,1,
65162198,10,
65162199,1,
65165316,10,
65165347,2,
65165348,10,
65165349,10,
65159096,2,
65159101,1,
65159111,9,
65162215,10,
65162235,10,
65165384,9,
65165393,10,
65162260,2,
65162285,10,
65162287,2,
65162288,2,
65165418,10,
65165419,10,
65165423,10,
65165424,10,
65165441,1,
65165443,10,
65162305,10,
65165464,9,
65160050,1,
65160053,10,
65357479,1,
65362991,1,
65363010,1,
65366181,1,
65366199,1,
65366201,1,
65366202,1,
65366203,1,
65366204,1,
65357508,5,
65357532,2,
65366254,6,
65357561,1,
65357591,9,
65360771,6,
65367162,1,
65360873,10,
65364033,10,
65364035,1,
65367228,1,
65420076,9,
63121959,6,
63937247,6,
63910086,9,
64147364,6,
64147365,6,
64147366,6,
64145389,9,
64146332,6,
64137770,9,
64137771,9,
64184390,9,
64193795,6,
64314277,9,
65104874,9,
65118917,6,
65186211,9,
65187171,1,
65181973,6,
65208572,6,
65208586,6,
65296364,6,
65296365,6,
65288841,9,
65288842,9,
65283453,9,
65284620,9,
65287743,1,
65285568,6,
65262831,1,
65262840,9,
65347840,6,
65373643,6,
67221509,3,
67220563,6,
67218307,10,
67218316,9,
67221493,6,
67221509,1,
67221511,10,
67212922,1,
67216041,9,
67216049,1,
67221574,9,
67221583,6,
67221588,6,
67216053,6,
67216055,10,
67216058,10,
67216078,1,
67221640,1,
67221642,1,
67213842,6,
67216144,10,
67216145,10,
67216149,9,
67221658,1,
67213887,1,
67213901,1,
67216186,1,
67219312,6,
67219335,6,
67219348,6,
67213912,1,
67213915,1,
67213916,6,
67213917,6,
67216208,1,
67216209,1,
67219369,8,
67219371,1,
67219372,1,
67219394,9,
67213964,1,
67213998,1,
67213999,1,
67219405,6,
67219409,6,
67219411,6,
67219428,6,
67219442,6,
67214010,1,
67214014,1,
67219474,6,
67217124,6,
67217172,10,
67220403,6,
67220420,6,
67220442,6,
67215016,1,
67215036,1,
67215042,8,
67215044,6,
67217267,1,
67220490,1,
67215058,1,
67220511,6,
67222597,1,
67222600,2,
67222631,6,
67212745,1,
67220555,1,
67220563,1,
67222637,1,
67222679,1,
67212766,1,
67212791,1,
67212800,1,
67218249,1,
67222720,9,
67222728,6,
67212815,1,
67212825,10,
67212837,1,
67212841,1,
67212842,1,
67212843,1,
67212844,1,
67212845,1,
67212855,10,
67218276,1,
67218283,1,
67222771,1,
67212883,6,
67212894,9,
67243103,10,
67246258,10,
67246268,10,
67246269,10,
67246296,10,
67243146,6,
67246297,6,
67246324,10,
67237585,9,
67246352,1,
67246353,6,
67246386,6,
67237639,6,
67240811,10,
67246410,10,
67246422,1,
67246423,1,
67246424,1,
67248515,1,
67248516,10,
67240830,10,
67240831,2,
67240858,6,
67240869,10,
67244089,1,
67248573,6,
67240877,10,
67244134,1,
67244160,10,
67244166,10,
67240944,10,
67240960,10,
67244182,10,
67244184,1,
67244216,10,
67247341,10,
67247356,6,
67244247,1,
67247397,10,
67247398,10,
67247399,10,
67247416,10,
67247432,10,
67238653,1,
67238692,6,
67247456,6,
67247483,10,
67247485,1,
67238710,9,
67238711,9,
67238712,9,
67238713,9,
67238738,1,
67238739,1,
67247495,10,
67238745,10,
67238756,9,
67238757,9,
67238767,10,
67241921,1,
67241926,10,
67241936,10,
67241938,6,
67241939,1,
67245189,6,
67238794,6,
67241997,10,
67242002,10,
67242003,10,
67242013,1,
67245212,10,
67245215,10,
67245216,10,
67245293,10,
67245302,9,
67245303,9,
67245305,9,
67245306,9,
67236557,10,
67245310,9,
67245314,9,
67245315,9,
67245316,9,
67236558,10,
67236559,10,
67236562,1,
67239746,10,
67239747,10,
67239767,9,
67239779,10,
67239786,9,
67239792,10,
67239793,10,
67239794,10,
67239796,10,
67239797,10,
67239818,10,
67239820,10,
67246246,1,
67239835,1,
67239836,1,
67239851,10,
67239868,6,
67239870,10,
67243024,6,
67243025,10,
67243043,1,
67243058,10,
67243059,10,
67243067,9,
67251824,1,
67251827,10,
67255792,6,
67255802,10,
67249523,1,
67249528,6,
67249534,6,
67249549,10,
67255904,1,
67255905,1,
67255906,2,
67249604,1,
67252788,1,
67252815,1,
67252856,6,
67250605,1,
67250664,1,
67250665,1,
67250687,1,
67250701,10,
67253846,9,
67253874,10,
67253875,10,
67253895,2,
67253897,2,
67253910,1,
67251656,9,
67251670,6,
67251707,1,
67251711,10,
67251768,1,
67251770,10,
67251779,10,
67231095,6,
67224686,1,
67224704,1,
67224711,1,
67224745,1,
67224746,1,
67224770,1,
67224779,1,
67234358,10,
67234375,1,
67234383,1,
67228815,1,
67234417,10,
67228836,1,
67228837,1,
67228838,1,
67232069,1,
67232104,9,
67225707,1,
67228901,1,
67232126,1,
67228941,1,
67228959,1,
67225812,10,
67226628,1,
67225860,1,
67225861,1,
67226635,1,
67226649,1,
67226656,2,
67226657,2,
67226658,2,
67229899,6,
67226732,1,
67226739,10,
67226740,10,
67226760,1,
67226761,9,
67229942,1,
67233194,1,
67233195,2,
67229994,1,
67233208,1,
67233217,1,
67233245,2,
67233256,1,
67223678,1,
67223679,1,
67223680,1,
67230045,1,
67233288,6,
67223681,1,
67223682,1,
67223693,1,
67223705,9,
67223708,1,
67223724,2,
67227697,10,
67233318,10,
67233319,10,
67235452,10,
67223759,9,
67223764,1,
67223769,1,
67227755,6,
67230970,1,
67230975,10,
67230992,1,
67235475,9,
67235489,10,
67223831,1,
67223832,1,
67227787,1,
67227812,1,
67231010,1,
67231011,1,
67231021,2,
67231033,10,
67231048,10,
67231054,6,
67231058,9,
67235508,1,
67235528,6,
67235537,1,
67223842,1,
67224639,1,
67224671,9,
67224673,1,
67224680,9,
67227856,9,
67227858,1,
67227859,10,
67227860,10,
67227861,10,
